---
source: "AlAs. Data source: Dissertation, Vassil Palankovski (k data below 300K is GaAs data multiplied by room temp ratios)"
---

T (K)	rho_cp (J/m³K)	S (W/mK)
1.5000000e+01	3.1694340e+05	6.2735780e+03
1.5186210e+01	3.2016100e+05	6.3236800e+03
1.5374730e+01	3.2341830e+05	6.3711500e+03
1.5565580e+01	3.2671560e+05	6.4157230e+03
1.5758810e+01	3.3005340e+05	6.4571170e+03
1.5954440e+01	3.3343190e+05	6.4950470e+03
1.6152500e+01	3.3685160e+05	6.5293610e+03
1.6353010e+01	3.4031280e+05	6.5600060e+03
1.6556010e+01	3.4381590e+05	6.5869370e+03
1.6761540e+01	3.4736120e+05	6.6101100e+03
1.6969610e+01	3.5094900e+05	6.6294850e+03
1.7180270e+01	3.5457980e+05	6.6450250e+03
1.7393540e+01	3.5825370e+05	6.6566980e+03
1.7609460e+01	3.6197130e+05	6.6644760e+03
1.7828060e+01	3.6573270e+05	6.6683370e+03
1.8049370e+01	3.6953820e+05	6.6682620e+03
1.8273440e+01	3.7338830e+05	6.6642390e+03
1.8500280e+01	3.7728310e+05	6.6562610e+03
1.8729940e+01	3.8122300e+05	6.6443280e+03
1.8962450e+01	3.8520830e+05	6.6284470e+03
1.9197840e+01	3.8923910e+05	6.6086320e+03
1.9436160e+01	3.9331570e+05	6.5849030e+03
1.9677440e+01	3.9743850e+05	6.5572920e+03
1.9921710e+01	4.0160750e+05	6.5258360e+03
2.0169020e+01	4.0582300e+05	6.4905830e+03
2.0419390e+01	4.1008520e+05	6.4515910e+03
2.0672870e+01	4.1439420e+05	6.4089280e+03
2.0929500e+01	4.1875030e+05	6.3626730e+03
2.1189320e+01	4.2315350e+05	6.3129170e+03
2.1452360e+01	4.2760400e+05	6.2597640e+03
2.1718660e+01	4.3210180e+05	6.2033300e+03
2.1988270e+01	4.3664700e+05	6.1437470e+03
2.2261230e+01	4.4123980e+05	6.0811600e+03
2.2537580e+01	4.4588000e+05	6.0157310e+03
2.2817360e+01	4.5056760e+05	5.9476110e+03
2.3100610e+01	4.5530270e+05	5.8769050e+03
2.3387370e+01	4.6008520e+05	5.8037170e+03
2.3677700e+01	4.6491500e+05	5.7281670e+03
2.3971630e+01	4.6979190e+05	5.6503840e+03
2.4269210e+01	4.7471590e+05	5.5705110e+03
2.4570480e+01	4.7968660e+05	5.4887050e+03
2.4875490e+01	4.8470380e+05	5.4051360e+03
2.5184290e+01	4.8976730e+05	5.3199910e+03
2.5496930e+01	4.9487670e+05	5.2334730e+03
2.5813440e+01	5.0003160e+05	5.1458000e+03
2.6133880e+01	5.0523170e+05	5.0572110e+03
2.6458310e+01	5.1047650e+05	4.9679600e+03
2.6786750e+01	5.1576540e+05	4.8783240e+03
2.7119280e+01	5.2109790e+05	4.7885980e+03
2.7455930e+01	5.2647330e+05	4.6991030e+03
2.7796770e+01	5.3189100e+05	4.6101170e+03
2.8141830e+01	5.3735010e+05	4.5217200e+03
2.8491180e+01	5.4284980e+05	4.4339450e+03
2.8844860e+01	5.4838930e+05	4.3468260e+03
2.9202940e+01	5.5396760e+05	4.2603980e+03
2.9565460e+01	5.5958360e+05	4.1746960e+03
2.9932480e+01	5.6523630e+05	4.0897550e+03
3.0304050e+01	5.7092430e+05	4.0056100e+03
3.0680240e+01	5.7664630e+05	3.9222980e+03
3.1061100e+01	5.8240110e+05	3.8398540e+03
3.1446680e+01	5.8818710e+05	3.7583160e+03
3.1837060e+01	5.9400270e+05	3.6777210e+03
3.2232280e+01	5.9984620e+05	3.5981060e+03
3.2632400e+01	6.0571580e+05	3.5195070e+03
3.3037490e+01	6.1160960e+05	3.4419540e+03
3.3447620e+01	6.1752550e+05	3.3654640e+03
3.3862830e+01	6.2346130e+05	3.2900530e+03
3.4283200e+01	6.2941490e+05	3.2157350e+03
3.4708780e+01	6.3538360e+05	3.1425230e+03
3.5139650e+01	6.4136500e+05	3.0704280e+03
3.5575870e+01	6.4735620e+05	2.9994570e+03
3.6017500e+01	6.5335440e+05	2.9296190e+03
3.6464610e+01	6.5935660e+05	2.8609170e+03
3.6917280e+01	6.6535950e+05	2.7933530e+03
3.7375560e+01	6.7135960e+05	2.7269260e+03
3.7839530e+01	6.7735340e+05	2.6616330e+03
3.8309270e+01	6.8333720e+05	2.5974670e+03
3.8784830e+01	6.8930680e+05	2.5344190e+03
3.9266300e+01	6.9525810e+05	2.4724810e+03
3.9753740e+01	7.0118670e+05	2.4116830e+03
4.0247240e+01	7.0708780e+05	2.3520640e+03
4.0746860e+01	7.1295660e+05	2.2936660e+03
4.1252680e+01	7.1878800e+05	2.2365310e+03
4.1764790e+01	7.2457640e+05	2.1807000e+03
4.2283250e+01	7.3031630e+05	2.1262170e+03
4.2808140e+01	7.3600160e+05	2.0731210e+03
4.3339550e+01	7.4162600e+05	2.0214280e+03
4.3877560e+01	7.4718300e+05	1.9711280e+03
4.4422250e+01	7.5266570e+05	1.9222090e+03
4.4973700e+01	7.5806700e+05	1.8746550e+03
4.5531990e+01	7.6338430e+05	1.8284450e+03
4.6097220e+01	7.6861930e+05	1.7835540e+03
4.6669460e+01	7.7377420e+05	1.7399520e+03
4.7248810e+01	7.7885140e+05	1.6976030e+03
4.7835350e+01	7.8385380e+05	1.6564670e+03
4.8429160e+01	7.8878470e+05	1.6164990e+03
4.9030350e+01	7.9364790e+05	1.5776450e+03
4.9639010e+01	7.9844750e+05	1.5398480e+03
5.0255220e+01	8.0318820e+05	1.5030420e+03
5.0879080e+01	8.0787530e+05	1.4671540e+03
5.1510680e+01	8.1251450e+05	1.4321050e+03
5.2150120e+01	8.1711200e+05	1.3978060e+03
5.2797500e+01	8.2167500e+05	1.3641740e+03
5.3452920e+01	8.2621080e+05	1.3311930e+03
5.4116480e+01	8.3072790e+05	1.2988740e+03
5.4788270e+01	8.3523520e+05	1.2672270e+03
5.5468400e+01	8.3974250e+05	1.2362600e+03
5.6156970e+01	8.4426030e+05	1.2059810e+03
5.6854100e+01	8.4880000e+05	1.1763970e+03
5.7559870e+01	8.5337400e+05	1.1475150e+03
5.8274410e+01	8.5799540e+05	1.1193380e+03
5.8997820e+01	8.6267850e+05	1.0918710e+03
5.9730200e+01	8.6743840e+05	1.0651150e+03
6.0471680e+01	8.7228870e+05	1.0390730e+03
6.1222370e+01	8.7723970e+05	1.0137430e+03
6.1982370e+01	8.8230210e+05	9.8912280e+02
6.2751810e+01	8.8748740e+05	9.6520960e+02
6.3530800e+01	8.9280770e+05	9.4199740e+02
6.4319460e+01	8.9827600e+05	9.1947870e+02
6.5117900e+01	9.0390610e+05	8.9764410e+02
6.5926270e+01	9.0971250e+05	8.7648190e+02
6.6744660e+01	9.1571060e+05	8.5597800e+02
6.7573220e+01	9.2191680e+05	8.3611590e+02
6.8412060e+01	9.2834850e+05	8.1687660e+02
6.9261310e+01	9.3501770e+05	7.9823820e+02
7.0121110e+01	9.4192000e+05	7.8017590e+02
7.0991580e+01	9.4904720e+05	7.6266180e+02
7.1872860e+01	9.5639070e+05	7.4566450e+02
7.2765070e+01	9.6394040e+05	7.2914940e+02
7.3668360e+01	9.7168540e+05	7.1307800e+02
7.4582870e+01	9.7961390e+05	6.9740790e+02
7.5508730e+01	9.8771250e+05	6.8209270e+02
7.6446080e+01	9.9596700e+05	6.6708380e+02
7.7395060e+01	1.0043620e+06	6.5236120e+02
7.8355830e+01	1.0128800e+06	6.3792600e+02
7.9328530e+01	1.0215020e+06	6.2377930e+02
8.0313290e+01	1.0302100e+06	6.0992180e+02
8.1310290e+01	1.0389810e+06	5.9635330e+02
8.2319660e+01	1.0477920e+06	5.8307310e+02
8.3341560e+01	1.0566190e+06	5.7007990e+02
8.4376150e+01	1.0654350e+06	5.5737140e+02
8.5423580e+01	1.0742100e+06	5.4494460e+02
8.6484010e+01	1.0829150e+06	5.3279550e+02
8.7557600e+01	1.0915170e+06	5.2091950e+02
8.8644530e+01	1.0999800e+06	5.0931070e+02
8.9744940e+01	1.1082670e+06	4.9796220e+02
9.0859020e+01	1.1163380e+06	4.8686620e+02
9.1986930e+01	1.1241520e+06	4.7601340e+02
9.3128830e+01	1.1316760e+06	4.6539560e+02
9.4284920e+01	1.1389170e+06	4.5501320e+02
9.5455350e+01	1.1458860e+06	4.4486840e+02
9.6640320e+01	1.1525970e+06	4.3496350e+02
9.7839990e+01	1.1590640e+06	4.2530010e+02
9.9054560e+01	1.1653040e+06	4.1587960e+02
1.0028420e+02	1.1713340e+06	4.0670280e+02
1.0152910e+02	1.1771760e+06	3.9777030e+02
1.0278950e+02	1.1828510e+06	3.8908200e+02
1.0406550e+02	1.1883830e+06	3.8063720e+02
1.0535730e+02	1.1937990e+06	3.7243480e+02
1.0666520e+02	1.1991260e+06	3.6447300e+02
1.0798930e+02	1.2043970e+06	3.5674940e+02
1.0932990e+02	1.2096430e+06	3.4926100e+02
1.1068710e+02	1.2149010e+06	3.4200370e+02
1.1206110e+02	1.2202110e+06	3.3497320e+02
1.1345230e+02	1.2256140e+06	3.2816370e+02
1.1486060e+02	1.2311550e+06	3.2156910e+02
1.1628650e+02	1.2368820e+06	3.1518200e+02
1.1773000e+02	1.2428480e+06	3.0899410e+02
1.1919150e+02	1.2491070e+06	3.0299620e+02
1.2067110e+02	1.2557150e+06	2.9717760e+02
1.2216910e+02	1.2626750e+06	2.9152690e+02
1.2368570e+02	1.2699370e+06	2.8603110e+02
1.2522110e+02	1.2774480e+06	2.8067590e+02
1.2677560e+02	1.2851490e+06	2.7544580e+02
1.2834940e+02	1.2929760e+06	2.7032410e+02
1.2994270e+02	1.3008610e+06	2.6530250e+02
1.3155580e+02	1.3087290e+06	2.6038180e+02
1.3318890e+02	1.3165050e+06	2.5556300e+02
1.3484220e+02	1.3241560e+06	2.5084680e+02
1.3651610e+02	1.3316810e+06	2.4623380e+02
1.3821080e+02	1.3390810e+06	2.4172450e+02
1.3992660e+02	1.3463540e+06	2.3731900e+02
1.4166360e+02	1.3535010e+06	2.3301740e+02
1.4342220e+02	1.3605240e+06	2.2881950e+02
1.4520260e+02	1.3674220e+06	2.2472470e+02
1.4700510e+02	1.3741980e+06	2.2073240e+02
1.4883000e+02	1.3808530e+06	2.1684150e+02
1.5067750e+02	1.3873900e+06	2.1305070e+02
1.5254800e+02	1.3938100e+06	2.0935850e+02
1.5444170e+02	1.4001180e+06	2.0576270e+02
1.5635890e+02	1.4063170e+06	2.0226100e+02
1.5829990e+02	1.4124110e+06	1.9885080e+02
1.6026500e+02	1.4184050e+06	1.9552890e+02
1.6225450e+02	1.4243050e+06	1.9229180e+02
1.6426870e+02	1.4301160e+06	1.8913530e+02
1.6630790e+02	1.4358450e+06	1.8605500e+02
1.6837250e+02	1.4415000e+06	1.8304590e+02
1.7046260e+02	1.4470890e+06	1.8010240e+02
1.7257870e+02	1.4526220e+06	1.7721830e+02
1.7472110e+02	1.4581070e+06	1.7438680e+02
1.7689000e+02	1.4635560e+06	1.7160060e+02
1.7908590e+02	1.4689810e+06	1.6885170e+02
1.8130900e+02	1.4743930e+06	1.6613560e+02
1.8355980e+02	1.4797930e+06	1.6345330e+02
1.8583840e+02	1.4851810e+06	1.6080590e+02
1.8814540e+02	1.4905520e+06	1.5819490e+02
1.9048100e+02	1.4959060e+06	1.5562160e+02
1.9284560e+02	1.5012400e+06	1.5308730e+02
1.9523950e+02	1.5065500e+06	1.5059320e+02
1.9766320e+02	1.5118350e+06	1.4814080e+02
2.0011700e+02	1.5170920e+06	1.4573140e+02
2.0260120e+02	1.5223170e+06	1.4336630e+02
2.0511620e+02	1.5275090e+06	1.4104680e+02
2.0766250e+02	1.5326630e+06	1.3877420e+02
2.1024040e+02	1.5377760e+06	1.3654990e+02
2.1285030e+02	1.5428460e+06	1.3437520e+02
2.1549250e+02	1.5478690e+06	1.3225130e+02
2.1816760e+02	1.5528420e+06	1.3017960e+02
2.2087590e+02	1.5577600e+06	1.2816130e+02
2.2361780e+02	1.5626200e+06	1.2619770e+02
2.2639380e+02	1.5674190e+06	1.2428940e+02
2.2920420e+02	1.5721520e+06	1.2243570e+02
2.3204950e+02	1.5768140e+06	1.2063550e+02
2.3493010e+02	1.5814020e+06	1.1888740e+02
2.3784650e+02	1.5859120e+06	1.1719000e+02
2.4079910e+02	1.5903380e+06	1.1554140e+02
2.4378830e+02	1.5946780e+06	1.1393970e+02
2.4681460e+02	1.5989310e+06	1.1238250e+02
2.4987860e+02	1.6030970e+06	1.1086740e+02
2.5298050e+02	1.6071770e+06	1.0939160e+02
2.5612090e+02	1.6111720e+06	1.0795180e+02
2.5930040e+02	1.6150820e+06	1.0654480e+02
2.6251930e+02	1.6189080e+06	1.0516660e+02
2.6577820e+02	1.6226510e+06	1.0381320e+02
2.6907750e+02	1.6263140e+06	1.0248010e+02
2.7241770e+02	1.6298980e+06	1.0116240e+02
2.7579950e+02	1.6334060e+06	9.9854640e+01
2.7922320e+02	1.6368390e+06	9.8551190e+01
2.8268940e+02	1.6402020e+06	9.7245780e+01
2.8619870e+02	1.6434980e+06	9.5931690e+01
2.8975150e+02	1.6467290e+06	9.4601660e+01
2.9334840e+02	1.6499010e+06	9.3247940e+01
2.9699000e+02	1.6530190e+06	9.1862140e+01
3.0067680e+02	1.6560870e+06	9.0719510e+01
3.0440930e+02	1.6591080e+06	8.9199030e+01
3.0818820e+02	1.6620810e+06	8.7704040e+01
3.1201400e+02	1.6650030e+06	8.6234100e+01
3.1588730e+02	1.6678710e+06	8.4788800e+01
3.1980860e+02	1.6706830e+06	8.3367730e+01
3.2377870e+02	1.6734360e+06	8.1970470e+01
3.2779800e+02	1.6761260e+06	8.0596630e+01
3.3186720e+02	1.6787500e+06	7.9245810e+01
3.3598700e+02	1.6813070e+06	7.7917640e+01
3.4015780e+02	1.6837920e+06	7.6611730e+01
3.4438050e+02	1.6862010e+06	7.5327700e+01
3.4865560e+02	1.6885330e+06	7.4065190e+01
3.5298370e+02	1.6907830e+06	7.2823850e+01
3.5736560e+02	1.6929470e+06	7.1603310e+01
3.6180190e+02	1.6950220e+06	7.0403220e+01
3.6629320e+02	1.6970090e+06	6.9223250e+01
3.7084030e+02	1.6989130e+06	6.8063060e+01
3.7544380e+02	1.7007370e+06	6.6922310e+01
3.8010450e+02	1.7024890e+06	6.5800680e+01
3.8482310e+02	1.7041740e+06	6.4697850e+01
3.8960020e+02	1.7058000e+06	6.3613500e+01
3.9443660e+02	1.7073750e+06	6.2547330e+01
3.9933310e+02	1.7089060e+06	6.1499020e+01
4.0429030e+02	1.7104020e+06	6.0468290e+01
4.0930910e+02	1.7118750e+06	5.9454830e+01
4.1439020e+02	1.7133340e+06	5.8458350e+01
4.1953430e+02	1.7147910e+06	5.7478580e+01
4.2474240e+02	1.7162540e+06	5.6515230e+01
4.3001500e+02	1.7177150e+06	5.5568020e+01
4.3535310e+02	1.7191590e+06	5.4636690e+01
4.4075750e+02	1.7205720e+06	5.3720970e+01
4.4622900e+02	1.7219370e+06	5.2820600e+01
4.5176840e+02	1.7232370e+06	5.1935320e+01
4.5737660e+02	1.7244520e+06	5.1064870e+01
4.6305440e+02	1.7255640e+06	5.0209010e+01
4.6880260e+02	1.7265500e+06	4.9367500e+01
4.7462230e+02	1.7273880e+06	4.8540090e+01
4.8051410e+02	1.7280540e+06	4.7726550e+01
4.8647910e+02	1.7285330e+06	4.6926650e+01
4.9251820e+02	1.7288440e+06	4.6140150e+01
4.9863220e+02	1.7290110e+06	4.5366830e+01
5.0482220e+02	1.7290630e+06	4.4606470e+01
5.1108890e+02	1.7290290e+06	4.3858860e+01
5.1743350e+02	1.7289420e+06	4.3123780e+01
5.2385680e+02	1.7288360e+06	4.2401020e+01
5.3035990e+02	1.7287490e+06	4.1690370e+01
5.3694360e+02	1.7287210e+06	4.0991630e+01
5.4360920e+02	1.7287960e+06	4.0304600e+01
5.5035740e+02	1.7290200e+06	3.9629090e+01
5.5718950e+02	1.7294430e+06	3.8964900e+01
5.6410630e+02	1.7301190e+06	3.8311840e+01
5.7110900e+02	1.7311050e+06	3.7669730e+01
5.7819860e+02	1.7324610e+06	3.7038380e+01
5.8537630e+02	1.7342530e+06	3.6417610e+01
5.9264300e+02	1.7365500e+06	3.5807240e+01
6.0000000e+02	1.7394260e+06	3.5207100e+01
