---
source: "Chromium Data source: thermophysical properties of matter vol.4 curve 4 plus curve6"
author: "Jia"
---

T (K)	rho_cp (J/m³K)	S (W/mK)
6.0000000e+01	4.7526325e+05	2.0813307e+02
6.1000000e+01	4.9632929e+05	2.0655015e+02
6.2000000e+01	5.1758830e+05	2.0498783e+02
6.3000000e+01	5.3902692e+05	2.0344592e+02
6.4000000e+01	5.6063215e+05	2.0192425e+02
6.5000000e+01	5.8239136e+05	2.0042261e+02
6.6000000e+01	6.0429223e+05	1.9894082e+02
6.7000000e+01	6.2632281e+05	1.9747870e+02
6.8000000e+01	6.4847148e+05	1.9603606e+02
6.9000000e+01	6.7072693e+05	1.9461271e+02
7.0000000e+01	6.9307820e+05	1.9320846e+02
7.1000000e+01	7.1551461e+05	1.9182312e+02
7.2000000e+01	7.3802581e+05	1.9045652e+02
7.3000000e+01	7.6060176e+05	1.8910845e+02
7.4000000e+01	7.8323271e+05	1.8777874e+02
7.5000000e+01	8.0590919e+05	1.8646719e+02
7.6000000e+01	8.2862203e+05	1.8517362e+02
7.7000000e+01	8.5136233e+05	1.8389784e+02
7.8000000e+01	8.7412149e+05	1.8263966e+02
7.9000000e+01	8.9689114e+05	1.8139890e+02
8.0000000e+01	9.1966320e+05	1.8017537e+02
8.1000000e+01	9.4242985e+05	1.7896888e+02
8.2000000e+01	9.6518350e+05	1.7777924e+02
8.3000000e+01	9.8791684e+05	1.7660627e+02
8.4000000e+01	1.0106228e+06	1.7544977e+02
8.5000000e+01	1.0332945e+06	1.7430957e+02
8.6000000e+01	1.0559253e+06	1.7318547e+02
8.7000000e+01	1.0785090e+06	1.7207729e+02
8.8000000e+01	1.1010392e+06	1.7098483e+02
8.9000000e+01	1.1235101e+06	1.6990792e+02
9.0000000e+01	1.1459159e+06	1.6884636e+02
9.1000000e+01	1.1682512e+06	1.6779997e+02
9.2000000e+01	1.1905105e+06	1.6676856e+02
9.3000000e+01	1.2126889e+06	1.6575193e+02
9.4000000e+01	1.2347814e+06	1.6474992e+02
9.5000000e+01	1.2567832e+06	1.6376232e+02
9.6000000e+01	1.2786899e+06	1.6278894e+02
9.7000000e+01	1.3004971e+06	1.6182961e+02
9.8000000e+01	1.3222006e+06	1.6088414e+02
9.9000000e+01	1.3437964e+06	1.5995233e+02
1.0000000e+02	1.3652807e+06	1.5903400e+02
1.0100000e+02	1.3866499e+06	1.5812896e+02
1.0200000e+02	1.4079004e+06	1.5723703e+02
1.0300000e+02	1.4290289e+06	1.5635801e+02
1.0400000e+02	1.4500323e+06	1.5549173e+02
1.0500000e+02	1.4709075e+06	1.5463798e+02
1.0600000e+02	1.4916516e+06	1.5379660e+02
1.0700000e+02	1.5122620e+06	1.5296737e+02
1.0800000e+02	1.5327360e+06	1.5215013e+02
1.0900000e+02	1.5530712e+06	1.5134468e+02
1.1000000e+02	1.5732653e+06	1.5055084e+02
1.1100000e+02	1.5933161e+06	1.4976842e+02
1.1200000e+02	1.6132215e+06	1.4899724e+02
1.1300000e+02	1.6329796e+06	1.4823715e+02
1.1400000e+02	1.6525886e+06	1.4748797e+02
1.1500000e+02	1.6720469e+06	1.4674954e+02
1.1600000e+02	1.6913528e+06	1.4602170e+02
1.1700000e+02	1.7105049e+06	1.4530428e+02
1.1800000e+02	1.7295019e+06	1.4459711e+02
1.1900000e+02	1.7483424e+06	1.4390004e+02
1.2000000e+02	1.7670254e+06	1.4321291e+02
1.2100000e+02	1.7855499e+06	1.4253555e+02
1.2200000e+02	1.8039148e+06	1.4186782e+02
1.2300000e+02	1.8221194e+06	1.4120958e+02
1.2400000e+02	1.8401629e+06	1.4056068e+02
1.2500000e+02	1.8580446e+06	1.3992099e+02
1.2600000e+02	1.8757640e+06	1.3929035e+02
1.2700000e+02	1.8933206e+06	1.3866863e+02
1.2800000e+02	1.9107140e+06	1.3805570e+02
1.2900000e+02	1.9279439e+06	1.3745142e+02
1.3000000e+02	1.9450100e+06	1.3685566e+02
1.3100000e+02	1.9619122e+06	1.3626827e+02
1.3200000e+02	1.9786503e+06	1.3568915e+02
1.3300000e+02	1.9952244e+06	1.3511815e+02
1.3400000e+02	2.0116344e+06	1.3455517e+02
1.3500000e+02	2.0278806e+06	1.3400007e+02
1.3600000e+02	2.0439630e+06	1.3345273e+02
1.3700000e+02	2.0598820e+06	1.3291303e+02
1.3800000e+02	2.0756378e+06	1.3238085e+02
1.3900000e+02	2.0912307e+06	1.3185609e+02
1.4000000e+02	2.1066613e+06	1.3133862e+02
1.4100000e+02	2.1219299e+06	1.3082832e+02
1.4200000e+02	2.1370371e+06	1.3032509e+02
1.4300000e+02	2.1519835e+06	1.2982882e+02
1.4400000e+02	2.1667696e+06	1.2933941e+02
1.4500000e+02	2.1813963e+06	1.2885676e+02
1.4600000e+02	2.1958640e+06	1.2838076e+02
1.4700000e+02	2.2101737e+06	1.2791131e+02
1.4800000e+02	2.2243262e+06	1.2744831e+02
1.4900000e+02	2.2383221e+06	1.2699166e+02
1.5000000e+02	2.2521626e+06	1.2654126e+02
1.5100000e+02	2.2658484e+06	1.2609700e+02
1.5200000e+02	2.2793805e+06	1.2565880e+02
1.5300000e+02	2.2927599e+06	1.2522656e+02
1.5400000e+02	2.3059876e+06	1.2480019e+02
1.5500000e+02	2.3190647e+06	1.2437961e+02
1.5600000e+02	2.3319922e+06	1.2396472e+02
1.5700000e+02	2.3447712e+06	1.2355545e+02
1.5800000e+02	2.3574030e+06	1.2315169e+02
1.5900000e+02	2.3698886e+06	1.2275338e+02
1.6000000e+02	2.3822292e+06	1.2236041e+02
1.6100000e+02	2.3944260e+06	1.2197271e+02
1.6200000e+02	2.4064803e+06	1.2159019e+02
1.6300000e+02	2.4183934e+06	1.2121278e+02
1.6400000e+02	2.4301663e+06	1.2084040e+02
1.6500000e+02	2.4418006e+06	1.2047298e+02
1.6600000e+02	2.4532974e+06	1.2011045e+02
1.6700000e+02	2.4646581e+06	1.1975274e+02
1.6800000e+02	2.4758840e+06	1.1939976e+02
1.6900000e+02	2.4869765e+06	1.1905144e+02
1.7000000e+02	2.4979368e+06	1.1870772e+02
1.7100000e+02	2.5087665e+06	1.1836851e+02
1.7200000e+02	2.5194669e+06	1.1803374e+02
1.7300000e+02	2.5300393e+06	1.1770336e+02
1.7400000e+02	2.5404852e+06	1.1737728e+02
1.7500000e+02	2.5508060e+06	1.1705544e+02
1.7600000e+02	2.5610030e+06	1.1673778e+02
1.7700000e+02	2.5710778e+06	1.1642423e+02
1.7800000e+02	2.5810318e+06	1.1611473e+02
1.7900000e+02	2.5908663e+06	1.1580923e+02
1.8000000e+02	2.6005828e+06	1.1550766e+02
1.8100000e+02	2.6101827e+06	1.1520997e+02
1.8200000e+02	2.6196676e+06	1.1491610e+02
1.8300000e+02	2.6290388e+06	1.1462600e+02
1.8400000e+02	2.6382978e+06	1.1433959e+02
1.8500000e+02	2.6474459e+06	1.1405682e+02
1.8600000e+02	2.6564848e+06	1.1377764e+02
1.8700000e+02	2.6654158e+06	1.1350197e+02
1.8800000e+02	2.6742403e+06	1.1322978e+02
1.8900000e+02	2.6829598e+06	1.1296101e+02
1.9000000e+02	2.6915757e+06	1.1269560e+02
1.9100000e+02	2.7000894e+06	1.1243351e+02
1.9200000e+02	2.7085025e+06	1.1217469e+02
1.9300000e+02	2.7168162e+06	1.1191909e+02
1.9400000e+02	2.7250320e+06	1.1166665e+02
1.9500000e+02	2.7331514e+06	1.1141734e+02
1.9600000e+02	2.7411757e+06	1.1117111e+02
1.9700000e+02	2.7491063e+06	1.1092791e+02
1.9800000e+02	2.7569447e+06	1.1068768e+02
1.9900000e+02	2.7646921e+06	1.1045039e+02
2.0000000e+02	2.7723501e+06	1.1021599e+02
2.0100000e+02	2.7799199e+06	1.0998442e+02
2.0200000e+02	2.7874028e+06	1.0975565e+02
2.0300000e+02	2.7948004e+06	1.0952964e+02
2.0400000e+02	2.8021138e+06	1.0930634e+02
2.0500000e+02	2.8093445e+06	1.0908571e+02
2.0600000e+02	2.8164937e+06	1.0886773e+02
2.0700000e+02	2.8235628e+06	1.0865234e+02
2.0800000e+02	2.8305530e+06	1.0843951e+02
2.0900000e+02	2.8374656e+06	1.0822919e+02
2.1000000e+02	2.8443020e+06	1.0802136e+02
2.1100000e+02	2.8510634e+06	1.0781597e+02
2.1200000e+02	2.8577510e+06	1.0761298e+02
2.1300000e+02	2.8643661e+06	1.0741235e+02
2.1400000e+02	2.8709098e+06	1.0721405e+02
2.1500000e+02	2.8773835e+06	1.0701805e+02
2.1600000e+02	2.8837883e+06	1.0682430e+02
2.1700000e+02	2.8901255e+06	1.0663277e+02
2.1800000e+02	2.8963961e+06	1.0644344e+02
2.1900000e+02	2.9026014e+06	1.0625626e+02
2.2000000e+02	2.9087425e+06	1.0607120e+02
2.2100000e+02	2.9148205e+06	1.0588824e+02
2.2200000e+02	2.9208366e+06	1.0570734e+02
2.2300000e+02	2.9267919e+06	1.0552846e+02
2.2400000e+02	2.9326874e+06	1.0535159e+02
2.2500000e+02	2.9385243e+06	1.0517668e+02
2.2600000e+02	2.9443036e+06	1.0500371e+02
2.2700000e+02	2.9500263e+06	1.0483264e+02
2.2800000e+02	2.9556936e+06	1.0466345e+02
2.2900000e+02	2.9613064e+06	1.0449611e+02
2.3000000e+02	2.9668657e+06	1.0433060e+02
2.3100000e+02	2.9723726e+06	1.0416689e+02
2.3200000e+02	2.9778280e+06	1.0400496e+02
2.3300000e+02	2.9832329e+06	1.0384478e+02
2.3400000e+02	2.9885882e+06	1.0368631e+02
2.3500000e+02	2.9938948e+06	1.0352953e+02
2.3600000e+02	2.9991538e+06	1.0337440e+02
2.3700000e+02	3.0043659e+06	1.0322090e+02
2.3800000e+02	3.0095321e+06	1.0306899e+02
2.3900000e+02	3.0146533e+06	1.0291867e+02
2.4000000e+02	3.0197303e+06	1.0276992e+02
2.4100000e+02	3.0247640e+06	1.0262271e+02
2.4200000e+02	3.0297552e+06	1.0247703e+02
2.4300000e+02	3.0347046e+06	1.0233286e+02
2.4400000e+02	3.0396133e+06	1.0219016e+02
2.4500000e+02	3.0444818e+06	1.0204891e+02
2.4600000e+02	3.0493110e+06	1.0190909e+02
2.4700000e+02	3.0541017e+06	1.0177066e+02
2.4800000e+02	3.0588545e+06	1.0163360e+02
2.4900000e+02	3.0635703e+06	1.0149790e+02
2.5000000e+02	3.0682497e+06	1.0136355e+02
2.5100000e+02	3.0728935e+06	1.0123052e+02
2.5200000e+02	3.0775023e+06	1.0109881e+02
2.5300000e+02	3.0820767e+06	1.0096838e+02
2.5400000e+02	3.0866176e+06	1.0083923e+02
2.5500000e+02	3.0911254e+06	1.0071132e+02
2.5600000e+02	3.0956009e+06	1.0058463e+02
2.5700000e+02	3.1000447e+06	1.0045915e+02
2.5800000e+02	3.1044573e+06	1.0033484e+02
2.5900000e+02	3.1088394e+06	1.0021171e+02
2.6000000e+02	3.1131915e+06	1.0008972e+02
2.6100000e+02	3.1175142e+06	9.9968869e+01
2.6200000e+02	3.1218080e+06	9.9849139e+01
2.6300000e+02	3.1260736e+06	9.9730514e+01
2.6400000e+02	3.1303113e+06	9.9612977e+01
2.6500000e+02	3.1345218e+06	9.9496511e+01
2.6600000e+02	3.1387055e+06	9.9381099e+01
2.6700000e+02	3.1428629e+06	9.9266723e+01
2.6800000e+02	3.1469945e+06	9.9153367e+01
2.6900000e+02	3.1511007e+06	9.9041017e+01
2.7000000e+02	3.1551821e+06	9.8929657e+01
2.7100000e+02	3.1592390e+06	9.8819274e+01
2.7200000e+02	3.1632719e+06	9.8709852e+01
2.7300000e+02	3.1672811e+06	9.8601377e+01
2.7400000e+02	3.1712671e+06	9.8493835e+01
2.7500000e+02	3.1752303e+06	9.8387212e+01
2.7600000e+02	3.1791711e+06	9.8281494e+01
2.7700000e+02	3.1830898e+06	9.8176668e+01
2.7800000e+02	3.1869867e+06	9.8072719e+01
2.7900000e+02	3.1908624e+06	9.7969636e+01
2.8000000e+02	3.1947169e+06	9.7867405e+01
2.8100000e+02	3.1985508e+06	9.7766013e+01
2.8200000e+02	3.2023643e+06	9.7665448e+01
2.8300000e+02	3.2061577e+06	9.7565698e+01
2.8400000e+02	3.2099313e+06	9.7466749e+01
2.8500000e+02	3.2136855e+06	9.7368591e+01
2.8600000e+02	3.2174204e+06	9.7271212e+01
2.8700000e+02	3.2211363e+06	9.7174598e+01
2.8800000e+02	3.2248336e+06	9.7078739e+01
2.8900000e+02	3.2285124e+06	9.6983624e+01
2.9000000e+02	3.2321730e+06	9.6889242e+01
2.9100000e+02	3.2358157e+06	9.6795583e+01
2.9200000e+02	3.2394406e+06	9.6702636e+01
2.9300000e+02	3.2430479e+06	9.6610391e+01
2.9400000e+02	3.2466379e+06	9.6518837e+01
2.9500000e+02	3.2502108e+06	9.6427964e+01
2.9600000e+02	3.2537667e+06	9.6337761e+01
2.9700000e+02	3.2573058e+06	9.6248216e+01
2.9800000e+02	3.2608284e+06	9.6159321e+01
2.9900000e+02	3.2643345e+06	9.6071065e+01
3.0000000e+02	3.2678243e+06	9.5983441e+01
3.0100000e+02	3.2712981e+06	9.5896438e+01
3.0200000e+02	3.2747558e+06	9.5810049e+01
3.0300000e+02	3.2781978e+06	9.5724264e+01
3.0400000e+02	3.2816240e+06	9.5639075e+01
3.0500000e+02	3.2850346e+06	9.5554472e+01
3.0600000e+02	3.2884297e+06	9.5470446e+01
3.0700000e+02	3.2918095e+06	9.5386989e+01
3.0800000e+02	3.2951741e+06	9.5304092e+01
3.0900000e+02	3.2985235e+06	9.5221746e+01
3.1000000e+02	3.3018579e+06	9.5139944e+01
3.1100000e+02	3.3051772e+06	9.5058678e+01
3.1200000e+02	3.3084817e+06	9.4977940e+01
3.1300000e+02	3.3117714e+06	9.4897723e+01
3.1400000e+02	3.3150464e+06	9.4818019e+01
3.1500000e+02	3.3183066e+06	9.4738821e+01
3.1600000e+02	3.3215523e+06	9.4660120e+01
3.1700000e+02	3.3247835e+06	9.4581910e+01
3.1800000e+02	3.3280001e+06	9.4504183e+01
3.1900000e+02	3.3312023e+06	9.4426931e+01
3.2000000e+02	3.3343901e+06	9.4350149e+01
3.2100000e+02	3.3375635e+06	9.4273830e+01
3.2200000e+02	3.3407226e+06	9.4197966e+01
3.2300000e+02	3.3438674e+06	9.4122551e+01
3.2400000e+02	3.3469980e+06	9.4047578e+01
3.2500000e+02	3.3501143e+06	9.3973042e+01
3.2600000e+02	3.3532164e+06	9.3898935e+01
3.2700000e+02	3.3563044e+06	9.3825251e+01
3.2800000e+02	3.3593781e+06	9.3751984e+01
3.2900000e+02	3.3624377e+06	9.3679127e+01
3.3000000e+02	3.3654831e+06	9.3606676e+01
3.3100000e+02	3.3685144e+06	9.3534624e+01
3.3200000e+02	3.3715316e+06	9.3462966e+01
3.3300000e+02	3.3745346e+06	9.3391697e+01
3.3400000e+02	3.3775235e+06	9.3320811e+01
3.3500000e+02	3.3804983e+06	9.3250301e+01
3.3600000e+02	3.3834590e+06	9.3180163e+01
3.3700000e+02	3.3864055e+06	9.3110391e+01
3.3800000e+02	3.3893378e+06	9.3040979e+01
3.3900000e+02	3.3922560e+06	9.2971922e+01
3.4000000e+02	3.3951600e+06	9.2903215e+01
3.4100000e+02	3.3980499e+06	9.2834854e+01
3.4200000e+02	3.4009256e+06	9.2766833e+01
3.4300000e+02	3.4037871e+06	9.2699148e+01
3.4400000e+02	3.4066343e+06	9.2631794e+01
3.4500000e+02	3.4094674e+06	9.2564767e+01
3.4600000e+02	3.4122861e+06	9.2498062e+01
3.4700000e+02	3.4150907e+06	9.2431674e+01
3.4800000e+02	3.4178809e+06	9.2365600e+01
3.4900000e+02	3.4206568e+06	9.2299833e+01
3.5000000e+02	3.4234185e+06	9.2234371e+01
3.5100000e+02	3.4261657e+06	9.2169208e+01
3.5200000e+02	3.4288987e+06	9.2104339e+01
3.5300000e+02	3.4316172e+06	9.2039760e+01
3.5400000e+02	3.4343214e+06	9.1975468e+01
3.5500000e+02	3.4370111e+06	9.1911457e+01
3.5600000e+02	3.4396865e+06	9.1847724e+01
3.5700000e+02	3.4423473e+06	9.1784266e+01
3.5800000e+02	3.4449937e+06	9.1721079e+01
3.5900000e+02	3.4476256e+06	9.1658158e+01
3.6000000e+02	3.4502430e+06	9.1595500e+01
3.6100000e+02	3.4528459e+06	9.1533102e+01
3.6200000e+02	3.4554342e+06	9.1470961e+01
3.6300000e+02	3.4580080e+06	9.1409071e+01
3.6400000e+02	3.4605672e+06	9.1347431e+01
3.6500000e+02	3.4631118e+06	9.1286036e+01
3.6600000e+02	3.4656418e+06	9.1224884e+01
3.6700000e+02	3.4681572e+06	9.1163971e+01
3.6800000e+02	3.4706580e+06	9.1103295e+01
3.6900000e+02	3.4731442e+06	9.1042851e+01
3.7000000e+02	3.4756157e+06	9.0982637e+01
3.7100000e+02	3.4780725e+06	9.0922648e+01
3.7200000e+02	3.4805147e+06	9.0862881e+01
3.7300000e+02	3.4829423e+06	9.0803333e+01
3.7400000e+02	3.4853552e+06	9.0743999e+01
3.7500000e+02	3.4877534e+06	9.0684878e+01
3.7600000e+02	3.4901369e+06	9.0625968e+01
3.7700000e+02	3.4925058e+06	9.0567266e+01
3.7800000e+02	3.4948600e+06	9.0508770e+01
3.7900000e+02	3.4971995e+06	9.0450477e+01
3.8000000e+02	3.4995244e+06	9.0392385e+01
3.8100000e+02	3.5018346e+06	9.0334490e+01
3.8200000e+02	3.5041302e+06	9.0276789e+01
3.8300000e+02	3.5064112e+06	9.0219279e+01
3.8400000e+02	3.5086775e+06	9.0161957e+01
3.8500000e+02	3.5109292e+06	9.0104820e+01
3.8600000e+02	3.5131664e+06	9.0047866e+01
3.8700000e+02	3.5153889e+06	8.9991094e+01
3.8800000e+02	3.5175970e+06	8.9934500e+01
3.8900000e+02	3.5197905e+06	8.9878083e+01
3.9000000e+02	3.5219695e+06	8.9821840e+01
3.9100000e+02	3.5241340e+06	8.9765770e+01
3.9200000e+02	3.5262840e+06	8.9709869e+01
3.9300000e+02	3.5284197e+06	8.9654135e+01
3.9400000e+02	3.5305409e+06	8.9598567e+01
3.9500000e+02	3.5326478e+06	8.9543162e+01
3.9600000e+02	3.5347404e+06	8.9487917e+01
3.9700000e+02	3.5368187e+06	8.9432831e+01
3.9800000e+02	3.5388828e+06	8.9377902e+01
3.9900000e+02	3.5409326e+06	8.9323127e+01
4.0000000e+02	3.5429683e+06	8.9268504e+01
4.0100000e+02	3.5449900e+06	8.9214031e+01
4.0200000e+02	3.5469975e+06	8.9159707e+01
4.0300000e+02	3.5489910e+06	8.9105529e+01
4.0400000e+02	3.5509706e+06	8.9051496e+01
4.0500000e+02	3.5529363e+06	8.8997606e+01
4.0600000e+02	3.5548882e+06	8.8943857e+01
4.0700000e+02	3.5568262e+06	8.8890247e+01
4.0800000e+02	3.5587506e+06	8.8836775e+01
4.0900000e+02	3.5606613e+06	8.8783438e+01
4.1000000e+02	3.5625584e+06	8.8730236e+01
4.1100000e+02	3.5644420e+06	8.8677166e+01
4.1200000e+02	3.5663121e+06	8.8624226e+01
4.1300000e+02	3.5681688e+06	8.8571415e+01
4.1400000e+02	3.5700123e+06	8.8518729e+01
4.1500000e+02	3.5718425e+06	8.8466169e+01
4.1600000e+02	3.5736595e+06	8.8413733e+01
4.1700000e+02	3.5754635e+06	8.8361419e+01
4.1800000e+02	3.5772545e+06	8.8309226e+01
4.1900000e+02	3.5790326e+06	8.8257153e+01
4.2000000e+02	3.5807979e+06	8.8205199e+01
4.2100000e+02	3.5825504e+06	8.8153362e+01
4.2200000e+02	3.5842903e+06	8.8101640e+01
4.2300000e+02	3.5860176e+06	8.8050032e+01
4.2400000e+02	3.5877325e+06	8.7998537e+01
4.2500000e+02	3.5894350e+06	8.7947153e+01
4.2600000e+02	3.5911253e+06	8.7895878e+01
4.2700000e+02	3.5928034e+06	8.7844711e+01
4.2800000e+02	3.5944694e+06	8.7793651e+01
4.2900000e+02	3.5961235e+06	8.7742695e+01
4.3000000e+02	3.5977657e+06	8.7691844e+01
4.3100000e+02	3.5993961e+06	8.7641095e+01
4.3200000e+02	3.6010149e+06	8.7590449e+01
4.3300000e+02	3.6026222e+06	8.7539904e+01
4.3400000e+02	3.6042180e+06	8.7489460e+01
4.3500000e+02	3.6058025e+06	8.7439114e+01
4.3600000e+02	3.6073759e+06	8.7388867e+01
4.3700000e+02	3.6089381e+06	8.7338715e+01
4.3800000e+02	3.6104894e+06	8.7288657e+01
4.3900000e+02	3.6120298e+06	8.7238693e+01
4.4000000e+02	3.6135595e+06	8.7188820e+01
4.4100000e+02	3.6150785e+06	8.7139038e+01
4.4200000e+02	3.6165871e+06	8.7089346e+01
4.4300000e+02	3.6180853e+06	8.7039744e+01
4.4400000e+02	3.6195732e+06	8.6990231e+01
4.4500000e+02	3.6210511e+06	8.6940806e+01
4.4600000e+02	3.6225189e+06	8.6891468e+01
4.4700000e+02	3.6239769e+06	8.6842216e+01
4.4800000e+02	3.6254251e+06	8.6793047e+01
4.4900000e+02	3.6268637e+06	8.6743961e+01
4.5000000e+02	3.6282928e+06	8.6694958e+01
4.5100000e+02	3.6297126e+06	8.6646036e+01
4.5200000e+02	3.6311232e+06	8.6597195e+01
4.5300000e+02	3.6325246e+06	8.6548434e+01
4.5400000e+02	3.6339171e+06	8.6499753e+01
4.5500000e+02	3.6353008e+06	8.6451150e+01
4.5600000e+02	3.6366758e+06	8.6402626e+01
4.5700000e+02	3.6380422e+06	8.6354179e+01
4.5800000e+02	3.6394003e+06	8.6305806e+01
4.5900000e+02	3.6407500e+06	8.6257509e+01
4.6000000e+02	3.6420916e+06	8.6209285e+01
4.6100000e+02	3.6434251e+06	8.6161134e+01
4.6200000e+02	3.6447508e+06	8.6113054e+01
4.6300000e+02	3.6460688e+06	8.6065046e+01
4.6400000e+02	3.6473792e+06	8.6017108e+01
4.6500000e+02	3.6486820e+06	8.5969239e+01
4.6600000e+02	3.6499776e+06	8.5921440e+01
4.6700000e+02	3.6512660e+06	8.5873710e+01
4.6800000e+02	3.6525473e+06	8.5826049e+01
4.6900000e+02	3.6538217e+06	8.5778456e+01
4.7000000e+02	3.6550893e+06	8.5730931e+01
4.7100000e+02	3.6563503e+06	8.5683472e+01
4.7200000e+02	3.6576048e+06	8.5636079e+01
4.7300000e+02	3.6588529e+06	8.5588750e+01
4.7400000e+02	3.6600947e+06	8.5541484e+01
4.7500000e+02	3.6613305e+06	8.5494281e+01
4.7600000e+02	3.6625603e+06	8.5447139e+01
4.7700000e+02	3.6637843e+06	8.5400060e+01
4.7800000e+02	3.6650026e+06	8.5353042e+01
4.7900000e+02	3.6662154e+06	8.5306086e+01
4.8000000e+02	3.6674227e+06	8.5259191e+01
4.8100000e+02	3.6686247e+06	8.5212356e+01
4.8200000e+02	3.6698216e+06	8.5165581e+01
4.8300000e+02	3.6710134e+06	8.5118863e+01
4.8400000e+02	3.6722004e+06	8.5072204e+01
4.8500000e+02	3.6733825e+06	8.5025600e+01
4.8600000e+02	3.6745601e+06	8.4979054e+01
4.8700000e+02	3.6757331e+06	8.4932563e+01
4.8800000e+02	3.6769018e+06	8.4886129e+01
4.8900000e+02	3.6780662e+06	8.4839750e+01
4.9000000e+02	3.6792265e+06	8.4793427e+01
4.9100000e+02	3.6803827e+06	8.4747159e+01
4.9200000e+02	3.6815351e+06	8.4700946e+01
4.9300000e+02	3.6826837e+06	8.4654785e+01
4.9400000e+02	3.6838287e+06	8.4608677e+01
4.9500000e+02	3.6849702e+06	8.4562621e+01
4.9600000e+02	3.6861082e+06	8.4516616e+01
4.9700000e+02	3.6872430e+06	8.4470662e+01
4.9800000e+02	3.6883746e+06	8.4424759e+01
4.9900000e+02	3.6895032e+06	8.4378907e+01
5.0000000e+02	3.6906288e+06	8.4333105e+01
5.0100000e+02	3.6917515e+06	8.4287353e+01
5.0200000e+02	3.6928716e+06	8.4241650e+01
5.0300000e+02	3.6939890e+06	8.4195996e+01
5.0400000e+02	3.6951039e+06	8.4150391e+01
5.0500000e+02	3.6962164e+06	8.4104835e+01
5.0600000e+02	3.6973266e+06	8.4059326e+01
5.0700000e+02	3.6984346e+06	8.4013864e+01
5.0800000e+02	3.6995405e+06	8.3968450e+01
5.0900000e+02	3.7006444e+06	8.3923082e+01
5.1000000e+02	3.7017463e+06	8.3877760e+01
5.1100000e+02	3.7028465e+06	8.3832484e+01
5.1200000e+02	3.7039449e+06	8.3787254e+01
5.1300000e+02	3.7050417e+06	8.3742069e+01
5.1400000e+02	3.7061369e+06	8.3696929e+01
5.1500000e+02	3.7072307e+06	8.3651834e+01
5.1600000e+02	3.7083231e+06	8.3606782e+01
5.1700000e+02	3.7094142e+06	8.3561774e+01
5.1800000e+02	3.7105041e+06	8.3516809e+01
5.1900000e+02	3.7115928e+06	8.3471886e+01
5.2000000e+02	3.7126805e+06	8.3427005e+01
5.2100000e+02	3.7137672e+06	8.3382166e+01
5.2200000e+02	3.7148530e+06	8.3337369e+01
5.2300000e+02	3.7159379e+06	8.3292615e+01
5.2400000e+02	3.7170220e+06	8.3247902e+01
5.2500000e+02	3.7181054e+06	8.3203231e+01
5.2600000e+02	3.7191882e+06	8.3158603e+01
5.2700000e+02	3.7202703e+06	8.3114015e+01
5.2800000e+02	3.7213520e+06	8.3069467e+01
5.2900000e+02	3.7224331e+06	8.3024959e+01
5.3000000e+02	3.7235138e+06	8.2980490e+01
5.3100000e+02	3.7245941e+06	8.2936059e+01
5.3200000e+02	3.7256741e+06	8.2891667e+01
5.3300000e+02	3.7267538e+06	8.2847314e+01
5.3400000e+02	3.7278333e+06	8.2802999e+01
5.3500000e+02	3.7289125e+06	8.2758723e+01
5.3600000e+02	3.7299916e+06	8.2714485e+01
5.3700000e+02	3.7310706e+06	8.2670286e+01
5.3800000e+02	3.7321494e+06	8.2626124e+01
5.3900000e+02	3.7332283e+06	8.2582000e+01
5.4000000e+02	3.7343070e+06	8.2537914e+01
5.4100000e+02	3.7353858e+06	8.2493864e+01
5.4200000e+02	3.7364646e+06	8.2449851e+01
5.4300000e+02	3.7375434e+06	8.2405875e+01
5.4400000e+02	3.7386223e+06	8.2361935e+01
5.4500000e+02	3.7397013e+06	8.2318032e+01
5.4600000e+02	3.7407803e+06	8.2274164e+01
5.4700000e+02	3.7418595e+06	8.2230332e+01
5.4800000e+02	3.7429388e+06	8.2186536e+01
5.4900000e+02	3.7440182e+06	8.2142775e+01
5.5000000e+02	3.7450977e+06	8.2099048e+01
5.5100000e+02	3.7461773e+06	8.2055356e+01
5.5200000e+02	3.7472571e+06	8.2011698e+01
5.5300000e+02	3.7483370e+06	8.1968075e+01
5.5400000e+02	3.7494170e+06	8.1924484e+01
5.5500000e+02	3.7504971e+06	8.1880928e+01
5.5600000e+02	3.7515773e+06	8.1837404e+01
5.5700000e+02	3.7526576e+06	8.1793914e+01
5.5800000e+02	3.7537380e+06	8.1750457e+01
5.5900000e+02	3.7548184e+06	8.1707034e+01
5.6000000e+02	3.7558989e+06	8.1663645e+01
5.6100000e+02	3.7569794e+06	8.1620289e+01
5.6200000e+02	3.7580599e+06	8.1576967e+01
5.6300000e+02	3.7591403e+06	8.1533677e+01
5.6400000e+02	3.7602207e+06	8.1490419e+01
5.6500000e+02	3.7613010e+06	8.1447193e+01
5.6600000e+02	3.7623812e+06	8.1403998e+01
5.6700000e+02	3.7634611e+06	8.1360835e+01
5.6800000e+02	3.7645409e+06	8.1317703e+01
5.6900000e+02	3.7656205e+06	8.1274602e+01
5.7000000e+02	3.7666998e+06	8.1231533e+01
5.7100000e+02	3.7677787e+06	8.1188496e+01
5.7200000e+02	3.7688573e+06	8.1145490e+01
5.7300000e+02	3.7699355e+06	8.1102515e+01
5.7400000e+02	3.7710131e+06	8.1059571e+01
5.7500000e+02	3.7720903e+06	8.1016657e+01
5.7600000e+02	3.7731669e+06	8.0973774e+01
5.7700000e+02	3.7742428e+06	8.0930921e+01
5.7800000e+02	3.7753181e+06	8.0888098e+01
5.7900000e+02	3.7763926e+06	8.0845306e+01
5.8000000e+02	3.7774663e+06	8.0802545e+01
5.8100000e+02	3.7785392e+06	8.0759814e+01
5.8200000e+02	3.7796111e+06	8.0717113e+01
5.8300000e+02	3.7806819e+06	8.0674442e+01
5.8400000e+02	3.7817517e+06	8.0631800e+01
5.8500000e+02	3.7828204e+06	8.0589186e+01
5.8600000e+02	3.7838879e+06	8.0546600e+01
5.8700000e+02	3.7849540e+06	8.0504042e+01
5.8800000e+02	3.7860188e+06	8.0461513e+01
5.8900000e+02	3.7870821e+06	8.0419013e+01
5.9000000e+02	3.7881440e+06	8.0376542e+01
5.9100000e+02	3.7892042e+06	8.0334100e+01
5.9200000e+02	3.7902627e+06	8.0291688e+01
5.9300000e+02	3.7913195e+06	8.0249305e+01
5.9400000e+02	3.7923744e+06	8.0206950e+01
5.9500000e+02	3.7934274e+06	8.0164623e+01
5.9600000e+02	3.7944784e+06	8.0122324e+01
5.9700000e+02	3.7955273e+06	8.0080053e+01
5.9800000e+02	3.7965739e+06	8.0037809e+01
5.9900000e+02	3.7976183e+06	7.9995591e+01
6.0000000e+02	3.7986604e+06	7.9953400e+01
6.0100000e+02	3.7996999e+06	7.9911235e+01
6.0200000e+02	3.8007369e+06	7.9869096e+01
6.0300000e+02	3.8017713e+06	7.9826982e+01
6.0400000e+02	3.8028029e+06	7.9784893e+01
6.0500000e+02	3.8038317e+06	7.9742829e+01
6.0600000e+02	3.8048575e+06	7.9700789e+01
6.0700000e+02	3.8058804e+06	7.9658773e+01
6.0800000e+02	3.8069001e+06	7.9616781e+01
6.0900000e+02	3.8079165e+06	7.9574812e+01
6.1000000e+02	3.8089297e+06	7.9532865e+01
6.1100000e+02	3.8099394e+06	7.9490942e+01
6.1200000e+02	3.8109457e+06	7.9449041e+01
6.1300000e+02	3.8119483e+06	7.9407161e+01
6.1400000e+02	3.8129472e+06	7.9365303e+01
6.1500000e+02	3.8139423e+06	7.9323467e+01
6.1600000e+02	3.8149336e+06	7.9281651e+01
6.1700000e+02	3.8159208e+06	7.9239856e+01
6.1800000e+02	3.8169039e+06	7.9198080e+01
6.1900000e+02	3.8178827e+06	7.9156325e+01
6.2000000e+02	3.8188573e+06	7.9114589e+01
6.2100000e+02	3.8198275e+06	7.9072872e+01
6.2200000e+02	3.8207932e+06	7.9031174e+01
6.2300000e+02	3.8217543e+06	7.8989494e+01
6.2400000e+02	3.8227107e+06	7.8947833e+01
6.2500000e+02	3.8236624e+06	7.8906189e+01
6.2600000e+02	3.8246091e+06	7.8864562e+01
6.2700000e+02	3.8255509e+06	7.8822952e+01
6.2800000e+02	3.8264875e+06	7.8781359e+01
6.2900000e+02	3.8274190e+06	7.8739783e+01
6.3000000e+02	3.8283453e+06	7.8698222e+01
6.3100000e+02	3.8292661e+06	7.8656677e+01
6.3200000e+02	3.8301816e+06	7.8615147e+01
6.3300000e+02	3.8310914e+06	7.8573632e+01
6.3400000e+02	3.8319957e+06	7.8532131e+01
6.3500000e+02	3.8328942e+06	7.8490645e+01
6.3600000e+02	3.8337869e+06	7.8449173e+01
6.3700000e+02	3.8346737e+06	7.8407714e+01
6.3800000e+02	3.8355545e+06	7.8366268e+01
6.3900000e+02	3.8364293e+06	7.8324835e+01
6.4000000e+02	3.8372979e+06	7.8283415e+01
6.4100000e+02	3.8381603e+06	7.8242006e+01
6.4200000e+02	3.8390163e+06	7.8200610e+01
6.4300000e+02	3.8398660e+06	7.8159224e+01
6.4400000e+02	3.8407092e+06	7.8117850e+01
6.4500000e+02	3.8415458e+06	7.8076487e+01
6.4600000e+02	3.8423758e+06	7.8035134e+01
6.4700000e+02	3.8431991e+06	7.7993791e+01
6.4800000e+02	3.8440157e+06	7.7952458e+01
6.4900000e+02	3.8448254e+06	7.7911133e+01
6.5000000e+02	3.8456283e+06	7.7869818e+01
6.5100000e+02	3.8464241e+06	7.7828512e+01
6.5200000e+02	3.8472130e+06	7.7787214e+01
6.5300000e+02	3.8479947e+06	7.7745924e+01
6.5400000e+02	3.8487693e+06	7.7704641e+01
6.5500000e+02	3.8495368e+06	7.7663365e+01
6.5600000e+02	3.8502969e+06	7.7622097e+01
6.5700000e+02	3.8510498e+06	7.7580835e+01
6.5800000e+02	3.8517953e+06	7.7539579e+01
6.5900000e+02	3.8525334e+06	7.7498329e+01
6.6000000e+02	3.8532641e+06	7.7457084e+01
6.6100000e+02	3.8539872e+06	7.7415845e+01
6.6200000e+02	3.8547029e+06	7.7374610e+01
6.6300000e+02	3.8554110e+06	7.7333380e+01
6.6400000e+02	3.8561115e+06	7.7292154e+01
6.6500000e+02	3.8568044e+06	7.7250931e+01
6.6600000e+02	3.8574897e+06	7.7209712e+01
6.6700000e+02	3.8581672e+06	7.7168496e+01
6.6800000e+02	3.8588371e+06	7.7127283e+01
6.6900000e+02	3.8594993e+06	7.7086072e+01
6.7000000e+02	3.8601537e+06	7.7044863e+01
6.7100000e+02	3.8608004e+06	7.7003656e+01
6.7200000e+02	3.8614393e+06	7.6962450e+01
6.7300000e+02	3.8620705e+06	7.6921245e+01
6.7400000e+02	3.8626939e+06	7.6880040e+01
6.7500000e+02	3.8633096e+06	7.6838836e+01
6.7600000e+02	3.8639175e+06	7.6797631e+01
6.7700000e+02	3.8645177e+06	7.6756427e+01
6.7800000e+02	3.8651101e+06	7.6715221e+01
6.7900000e+02	3.8656948e+06	7.6674014e+01
6.8000000e+02	3.8662717e+06	7.6632806e+01
6.8100000e+02	3.8668410e+06	7.6591596e+01
6.8200000e+02	3.8674027e+06	7.6550383e+01
6.8300000e+02	3.8679566e+06	7.6509169e+01
6.8400000e+02	3.8685030e+06	7.6467951e+01
6.8500000e+02	3.8690418e+06	7.6426730e+01
6.8600000e+02	3.8695731e+06	7.6385505e+01
6.8700000e+02	3.8700969e+06	7.6344276e+01
6.8800000e+02	3.8706132e+06	7.6303044e+01
6.8900000e+02	3.8711222e+06	7.6261806e+01
6.9000000e+02	3.8716238e+06	7.6220564e+01
6.9100000e+02	3.8721181e+06	7.6179316e+01
6.9200000e+02	3.8726052e+06	7.6138062e+01
6.9300000e+02	3.8730851e+06	7.6096803e+01
6.9400000e+02	3.8735579e+06	7.6055537e+01
6.9500000e+02	3.8740237e+06	7.6014264e+01
6.9600000e+02	3.8744826e+06	7.5972984e+01
6.9700000e+02	3.8749346e+06	7.5931697e+01
6.9800000e+02	3.8753798e+06	7.5890402e+01
6.9900000e+02	3.8758183e+06	7.5849099e+01
7.0000000e+02	3.8762502e+06	7.5807787e+01
7.0100000e+02	3.8766756e+06	7.5766467e+01
7.0200000e+02	3.8770946e+06	7.5725137e+01
7.0300000e+02	3.8775073e+06	7.5683798e+01
7.0400000e+02	3.8779138e+06	7.5642449e+01
7.0500000e+02	3.8783142e+06	7.5601089e+01
7.0600000e+02	3.8787086e+06	7.5559720e+01
7.0700000e+02	3.8790972e+06	7.5518339e+01
7.0800000e+02	3.8794801e+06	7.5476947e+01
7.0900000e+02	3.8798573e+06	7.5435543e+01
7.1000000e+02	3.8802291e+06	7.5394127e+01
7.1100000e+02	3.8805956e+06	7.5352699e+01
7.1200000e+02	3.8809568e+06	7.5311259e+01
7.1300000e+02	3.8813130e+06	7.5269805e+01
7.1400000e+02	3.8816643e+06	7.5228338e+01
7.1500000e+02	3.8820108e+06	7.5186857e+01
7.1600000e+02	3.8823527e+06	7.5145362e+01
7.1700000e+02	3.8826902e+06	7.5103853e+01
7.1800000e+02	3.8830233e+06	7.5062329e+01
7.1900000e+02	3.8833524e+06	7.5020790e+01
7.2000000e+02	3.8836775e+06	7.4979235e+01
7.2100000e+02	3.8839988e+06	7.4937665e+01
7.2200000e+02	3.8843165e+06	7.4896078e+01
7.2300000e+02	3.8846308e+06	7.4854475e+01
7.2400000e+02	3.8849418e+06	7.4812855e+01
7.2500000e+02	3.8852498e+06	7.4771218e+01
7.2600000e+02	3.8855549e+06	7.4729564e+01
7.2700000e+02	3.8858574e+06	7.4687891e+01
7.2800000e+02	3.8861574e+06	7.4646200e+01
7.2900000e+02	3.8864551e+06	7.4604491e+01
7.3000000e+02	3.8867507e+06	7.4562762e+01
7.3100000e+02	3.8870445e+06	7.4521015e+01
7.3200000e+02	3.8873366e+06	7.4479247e+01
7.3300000e+02	3.8876273e+06	7.4437460e+01
7.3400000e+02	3.8879168e+06	7.4395652e+01
7.3500000e+02	3.8882053e+06	7.4353824e+01
7.3600000e+02	3.8884930e+06	7.4311974e+01
7.3700000e+02	3.8887802e+06	7.4270103e+01
7.3800000e+02	3.8890670e+06	7.4228211e+01
7.3900000e+02	3.8893538e+06	7.4186296e+01
7.4000000e+02	3.8896407e+06	7.4144359e+01
7.4100000e+02	3.8899280e+06	7.4102399e+01
7.4200000e+02	3.8902159e+06	7.4060416e+01
7.4300000e+02	3.8905047e+06	7.4018409e+01
7.4400000e+02	3.8907946e+06	7.3976379e+01
7.4500000e+02	3.8910858e+06	7.3934324e+01
7.4600000e+02	3.8913787e+06	7.3892245e+01
7.4700000e+02	3.8916734e+06	7.3850141e+01
7.4800000e+02	3.8919703e+06	7.3808012e+01
7.4900000e+02	3.8922695e+06	7.3765857e+01
7.5000000e+02	3.8925714e+06	7.3723676e+01
7.5100000e+02	3.8928761e+06	7.3681469e+01
7.5200000e+02	3.8931840e+06	7.3639235e+01
7.5300000e+02	3.8934954e+06	7.3596974e+01
7.5400000e+02	3.8938104e+06	7.3554686e+01
7.5500000e+02	3.8941293e+06	7.3512371e+01
7.5600000e+02	3.8944525e+06	7.3470027e+01
7.5700000e+02	3.8947802e+06	7.3427655e+01
7.5800000e+02	3.8951126e+06	7.3385254e+01
7.5900000e+02	3.8954501e+06	7.3342824e+01
7.6000000e+02	3.8957928e+06	7.3300365e+01
7.6100000e+02	3.8961412e+06	7.3257876e+01
7.6200000e+02	3.8964953e+06	7.3215356e+01
7.6300000e+02	3.8968557e+06	7.3172807e+01
7.6400000e+02	3.8972224e+06	7.3130226e+01
7.6500000e+02	3.8975958e+06	7.3087614e+01
7.6600000e+02	3.8979761e+06	7.3044971e+01
7.6700000e+02	3.8983637e+06	7.3002296e+01
7.6800000e+02	3.8987588e+06	7.2959589e+01
7.6900000e+02	3.8991617e+06	7.2916849e+01
7.7000000e+02	3.8995726e+06	7.2874076e+01
7.7100000e+02	3.8999918e+06	7.2831270e+01
7.7200000e+02	3.9004197e+06	7.2788430e+01
7.7300000e+02	3.9008565e+06	7.2745557e+01
7.7400000e+02	3.9013024e+06	7.2702649e+01
7.7500000e+02	3.9017577e+06	7.2659706e+01
7.7600000e+02	3.9022228e+06	7.2616728e+01
7.7700000e+02	3.9026978e+06	7.2573715e+01
7.7800000e+02	3.9031830e+06	7.2530667e+01
7.7900000e+02	3.9036788e+06	7.2487582e+01
7.8000000e+02	3.9041853e+06	7.2444461e+01
7.8100000e+02	3.9047029e+06	7.2401303e+01
7.8200000e+02	3.9052318e+06	7.2358108e+01
7.8300000e+02	3.9057722e+06	7.2314875e+01
7.8400000e+02	3.9063244e+06	7.2271605e+01
7.8500000e+02	3.9068887e+06	7.2228297e+01
7.8600000e+02	3.9074654e+06	7.2184950e+01
7.8700000e+02	3.9080546e+06	7.2141564e+01
7.8800000e+02	3.9086566e+06	7.2098139e+01
7.8900000e+02	3.9092717e+06	7.2054675e+01
7.9000000e+02	3.9099001e+06	7.2011170e+01
7.9100000e+02	3.9105421e+06	7.1967626e+01
7.9200000e+02	3.9111978e+06	7.1924040e+01
7.9300000e+02	3.9118675e+06	7.1880414e+01
7.9400000e+02	3.9125515e+06	7.1836747e+01
7.9500000e+02	3.9132499e+06	7.1793037e+01
7.9600000e+02	3.9139630e+06	7.1749286e+01
7.9700000e+02	3.9146909e+06	7.1705493e+01
7.9800000e+02	3.9154340e+06	7.1661657e+01
7.9900000e+02	3.9161923e+06	7.1617778e+01
8.0000000e+02	3.9169661e+06	7.1573855e+01
