---
source: "GaN Data source: C is from specific heat capacity of gallium nitride, k was"
author: "Jia"
---

T (K)	rho_cp (J/m³K)	S (W/mK)
1.0000000e+02	1.0725806e+06	3.6000000e+02
1.0100000e+02	1.0829229e+06	3.5643564e+02
1.0200000e+02	1.0932373e+06	3.5294118e+02
1.0300000e+02	1.1035237e+06	3.4951456e+02
1.0400000e+02	1.1137823e+06	3.4615385e+02
1.0500000e+02	1.1240129e+06	3.4285714e+02
1.0600000e+02	1.1342157e+06	3.3962264e+02
1.0700000e+02	1.1443905e+06	3.3644860e+02
1.0800000e+02	1.1545374e+06	3.3333333e+02
1.0900000e+02	1.1646564e+06	3.3027523e+02
1.1000000e+02	1.1747474e+06	3.2727273e+02
1.1100000e+02	1.1848106e+06	3.2432432e+02
1.1200000e+02	1.1948458e+06	3.2142857e+02
1.1300000e+02	1.2048531e+06	3.1858407e+02
1.1400000e+02	1.2148325e+06	3.1578947e+02
1.1500000e+02	1.2247840e+06	3.1304348e+02
1.1600000e+02	1.2347076e+06	3.1034483e+02
1.1700000e+02	1.2446033e+06	3.0769231e+02
1.1800000e+02	1.2544710e+06	3.0508475e+02
1.1900000e+02	1.2643109e+06	3.0252101e+02
1.2000000e+02	1.2741229e+06	3.0000000e+02
1.2100000e+02	1.2839070e+06	2.9752066e+02
1.2200000e+02	1.2936632e+06	2.9508197e+02
1.2300000e+02	1.3033915e+06	2.9268293e+02
1.2400000e+02	1.3130919e+06	2.9032258e+02
1.2500000e+02	1.3227645e+06	2.8800000e+02
1.2600000e+02	1.3324092e+06	2.8571429e+02
1.2700000e+02	1.3420261e+06	2.8346457e+02
1.2800000e+02	1.3516151e+06	2.8125000e+02
1.2900000e+02	1.3611763e+06	2.7906977e+02
1.3000000e+02	1.3707096e+06	2.7692308e+02
1.3100000e+02	1.3802152e+06	2.7480916e+02
1.3200000e+02	1.3896929e+06	2.7272727e+02
1.3300000e+02	1.3991428e+06	2.7067669e+02
1.3400000e+02	1.4085650e+06	2.6865672e+02
1.3500000e+02	1.4179593e+06	2.6666667e+02
1.3600000e+02	1.4273259e+06	2.6470588e+02
1.3700000e+02	1.4366648e+06	2.6277372e+02
1.3800000e+02	1.4459759e+06	2.6086957e+02
1.3900000e+02	1.4552593e+06	2.5899281e+02
1.4000000e+02	1.4645149e+06	2.5714286e+02
1.4100000e+02	1.4737429e+06	2.5531915e+02
1.4200000e+02	1.4829431e+06	2.5352113e+02
1.4300000e+02	1.4921157e+06	2.5174825e+02
1.4400000e+02	1.5012607e+06	2.5000000e+02
1.4500000e+02	1.5103780e+06	2.4827586e+02
1.4600000e+02	1.5194676e+06	2.4657534e+02
1.4700000e+02	1.5285297e+06	2.4489796e+02
1.4800000e+02	1.5375641e+06	2.4324324e+02
1.4900000e+02	1.5465710e+06	2.4161074e+02
1.5000000e+02	1.5555503e+06	2.4000000e+02
1.5100000e+02	1.5645020e+06	2.3841060e+02
1.5200000e+02	1.5734263e+06	2.3684211e+02
1.5300000e+02	1.5823230e+06	2.3529412e+02
1.5400000e+02	1.5911922e+06	2.3376623e+02
1.5500000e+02	1.6000340e+06	2.3225806e+02
1.5600000e+02	1.6088483e+06	2.3076923e+02
1.5700000e+02	1.6176351e+06	2.2929936e+02
1.5800000e+02	1.6263946e+06	2.2784810e+02
1.5900000e+02	1.6351267e+06	2.2641509e+02
1.6000000e+02	1.6438314e+06	2.2500000e+02
1.6100000e+02	1.6525087e+06	2.2360248e+02
1.6200000e+02	1.6611587e+06	2.2222222e+02
1.6300000e+02	1.6697814e+06	2.2085890e+02
1.6400000e+02	1.6783769e+06	2.1951220e+02
1.6500000e+02	1.6869450e+06	2.1818182e+02
1.6600000e+02	1.6954860e+06	2.1686747e+02
1.6700000e+02	1.7039997e+06	2.1556886e+02
1.6800000e+02	1.7124862e+06	2.1428571e+02
1.6900000e+02	1.7209456e+06	2.1301775e+02
1.7000000e+02	1.7293778e+06	2.1176471e+02
1.7100000e+02	1.7377829e+06	2.1052632e+02
1.7200000e+02	1.7461609e+06	2.0930233e+02
1.7300000e+02	1.7545118e+06	2.0809249e+02
1.7400000e+02	1.7628357e+06	2.0689655e+02
1.7500000e+02	1.7711326e+06	2.0571429e+02
1.7600000e+02	1.7794025e+06	2.0454545e+02
1.7700000e+02	1.7876454e+06	2.0338983e+02
1.7800000e+02	1.7958615e+06	2.0224719e+02
1.7900000e+02	1.8040506e+06	2.0111732e+02
1.8000000e+02	1.8122128e+06	2.0000000e+02
1.8100000e+02	1.8203482e+06	1.9889503e+02
1.8200000e+02	1.8284567e+06	1.9780220e+02
1.8300000e+02	1.8365385e+06	1.9672131e+02
1.8400000e+02	1.8445935e+06	1.9565217e+02
1.8500000e+02	1.8526218e+06	1.9459459e+02
1.8600000e+02	1.8606234e+06	1.9354839e+02
1.8700000e+02	1.8685983e+06	1.9251337e+02
1.8800000e+02	1.8765465e+06	1.9148936e+02
1.8900000e+02	1.8844682e+06	1.9047619e+02
1.9000000e+02	1.8923632e+06	1.8947368e+02
1.9100000e+02	1.9002318e+06	1.8848168e+02
1.9200000e+02	1.9080738e+06	1.8750000e+02
1.9300000e+02	1.9158893e+06	1.8652850e+02
1.9400000e+02	1.9236784e+06	1.8556701e+02
1.9500000e+02	1.9314411e+06	1.8461538e+02
1.9600000e+02	1.9391773e+06	1.8367347e+02
1.9700000e+02	1.9468873e+06	1.8274112e+02
1.9800000e+02	1.9545709e+06	1.8181818e+02
1.9900000e+02	1.9622282e+06	1.8090452e+02
2.0000000e+02	1.9698593e+06	1.8000000e+02
2.0100000e+02	1.9774641e+06	1.7910448e+02
2.0200000e+02	1.9850428e+06	1.7821782e+02
2.0300000e+02	1.9925953e+06	1.7733990e+02
2.0400000e+02	2.0001218e+06	1.7647059e+02
2.0500000e+02	2.0076221e+06	1.7560976e+02
2.0600000e+02	2.0150964e+06	1.7475728e+02
2.0700000e+02	2.0225448e+06	1.7391304e+02
2.0800000e+02	2.0299671e+06	1.7307692e+02
2.0900000e+02	2.0373635e+06	1.7224880e+02
2.1000000e+02	2.0447341e+06	1.7142857e+02
2.1100000e+02	2.0520788e+06	1.7061611e+02
2.1200000e+02	2.0593976e+06	1.6981132e+02
2.1300000e+02	2.0666907e+06	1.6901408e+02
2.1400000e+02	2.0739581e+06	1.6822430e+02
2.1500000e+02	2.0811997e+06	1.6744186e+02
2.1600000e+02	2.0884157e+06	1.6666667e+02
2.1700000e+02	2.0956061e+06	1.6589862e+02
2.1800000e+02	2.1027709e+06	1.6513761e+02
2.1900000e+02	2.1099101e+06	1.6438356e+02
2.2000000e+02	2.1170239e+06	1.6363636e+02
2.2100000e+02	2.1241122e+06	1.6289593e+02
2.2200000e+02	2.1311750e+06	1.6216216e+02
2.2300000e+02	2.1382125e+06	1.6143498e+02
2.2400000e+02	2.1452246e+06	1.6071429e+02
2.2500000e+02	2.1522115e+06	1.6000000e+02
2.2600000e+02	2.1591730e+06	1.5929204e+02
2.2700000e+02	2.1661094e+06	1.5859031e+02
2.2800000e+02	2.1730206e+06	1.5789474e+02
2.2900000e+02	2.1799066e+06	1.5720524e+02
2.3000000e+02	2.1867676e+06	1.5652174e+02
2.3100000e+02	2.1936035e+06	1.5584416e+02
2.3200000e+02	2.2004144e+06	1.5517241e+02
2.3300000e+02	2.2072004e+06	1.5450644e+02
2.3400000e+02	2.2139614e+06	1.5384615e+02
2.3500000e+02	2.2206975e+06	1.5319149e+02
2.3600000e+02	2.2274089e+06	1.5254237e+02
2.3700000e+02	2.2340954e+06	1.5189873e+02
2.3800000e+02	2.2407572e+06	1.5126050e+02
2.3900000e+02	2.2473943e+06	1.5062762e+02
2.4000000e+02	2.2540067e+06	1.5000000e+02
2.4100000e+02	2.2605945e+06	1.4937759e+02
2.4200000e+02	2.2671578e+06	1.4876033e+02
2.4300000e+02	2.2736966e+06	1.4814815e+02
2.4400000e+02	2.2802108e+06	1.4754098e+02
2.4500000e+02	2.2867007e+06	1.4693878e+02
2.4600000e+02	2.2931661e+06	1.4634146e+02
2.4700000e+02	2.2996073e+06	1.4574899e+02
2.4800000e+02	2.3060241e+06	1.4516129e+02
2.4900000e+02	2.3124167e+06	1.4457831e+02
2.5000000e+02	2.3187851e+06	1.4400000e+02
2.5100000e+02	2.3251294e+06	1.4342629e+02
2.5200000e+02	2.3314495e+06	1.4285714e+02
2.5300000e+02	2.3377456e+06	1.4229249e+02
2.5400000e+02	2.3440177e+06	1.4173228e+02
2.5500000e+02	2.3502659e+06	1.4117647e+02
2.5600000e+02	2.3564901e+06	1.4062500e+02
2.5700000e+02	2.3626905e+06	1.4007782e+02
2.5800000e+02	2.3688670e+06	1.3953488e+02
2.5900000e+02	2.3750198e+06	1.3899614e+02
2.6000000e+02	2.3811489e+06	1.3846154e+02
2.6100000e+02	2.3872543e+06	1.3793103e+02
2.6200000e+02	2.3933361e+06	1.3740458e+02
2.6300000e+02	2.3993943e+06	1.3688213e+02
2.6400000e+02	2.4054290e+06	1.3636364e+02
2.6500000e+02	2.4114403e+06	1.3584906e+02
2.6600000e+02	2.4174281e+06	1.3533835e+02
2.6700000e+02	2.4233926e+06	1.3483146e+02
2.6800000e+02	2.4293337e+06	1.3432836e+02
2.6900000e+02	2.4352516e+06	1.3382900e+02
2.7000000e+02	2.4411462e+06	1.3333333e+02
2.7100000e+02	2.4470177e+06	1.3284133e+02
2.7200000e+02	2.4528661e+06	1.3235294e+02
2.7300000e+02	2.4586914e+06	1.3186813e+02
2.7400000e+02	2.4644937e+06	1.3138686e+02
2.7500000e+02	2.4702730e+06	1.3090909e+02
2.7600000e+02	2.4760294e+06	1.3043478e+02
2.7700000e+02	2.4817630e+06	1.2996390e+02
2.7800000e+02	2.4874737e+06	1.2949640e+02
2.7900000e+02	2.4931617e+06	1.2903226e+02
2.8000000e+02	2.4988270e+06	1.2857143e+02
2.8100000e+02	2.5044697e+06	1.2811388e+02
2.8200000e+02	2.5100897e+06	1.2765957e+02
2.8300000e+02	2.5156873e+06	1.2720848e+02
2.8400000e+02	2.5212623e+06	1.2676056e+02
2.8500000e+02	2.5268149e+06	1.2631579e+02
2.8600000e+02	2.5323451e+06	1.2587413e+02
2.8700000e+02	2.5378529e+06	1.2543554e+02
2.8800000e+02	2.5433385e+06	1.2500000e+02
2.8900000e+02	2.5488019e+06	1.2456747e+02
2.9000000e+02	2.5542431e+06	1.2413793e+02
2.9100000e+02	2.5596622e+06	1.2371134e+02
2.9200000e+02	2.5650592e+06	1.2328767e+02
2.9300000e+02	2.5704342e+06	1.2286689e+02
2.9400000e+02	2.5757873e+06	1.2244898e+02
2.9500000e+02	2.5811184e+06	1.2203390e+02
2.9600000e+02	2.5864278e+06	1.2162162e+02
2.9700000e+02	2.5917153e+06	1.2121212e+02
2.9800000e+02	2.5969811e+06	1.2080537e+02
2.9900000e+02	2.6022252e+06	1.2040134e+02
3.0000000e+02	2.6074477e+06	1.2000000e+02
3.0100000e+02	2.6126486e+06	1.1960133e+02
3.0200000e+02	2.6178280e+06	1.1920530e+02
3.0300000e+02	2.6229860e+06	1.1881188e+02
3.0400000e+02	2.6281225e+06	1.1842105e+02
3.0500000e+02	2.6332377e+06	1.1803279e+02
3.0600000e+02	2.6383316e+06	1.1764706e+02
3.0700000e+02	2.6434043e+06	1.1726384e+02
3.0800000e+02	2.6484558e+06	1.1688312e+02
3.0900000e+02	2.6534862e+06	1.1650485e+02
3.1000000e+02	2.6584955e+06	1.1612903e+02
3.1100000e+02	2.6634838e+06	1.1575563e+02
3.1200000e+02	2.6684511e+06	1.1538462e+02
3.1300000e+02	2.6733976e+06	1.1501597e+02
3.1400000e+02	2.6783232e+06	1.1464968e+02
3.1500000e+02	2.6832280e+06	1.1428571e+02
3.1600000e+02	2.6881121e+06	1.1392405e+02
3.1700000e+02	2.6929755e+06	1.1356467e+02
3.1800000e+02	2.6978183e+06	1.1320755e+02
3.1900000e+02	2.7026406e+06	1.1285266e+02
3.2000000e+02	2.7074424e+06	1.1250000e+02
3.2100000e+02	2.7122237e+06	1.1214953e+02
3.2200000e+02	2.7169846e+06	1.1180124e+02
3.2300000e+02	2.7217253e+06	1.1145511e+02
3.2400000e+02	2.7264456e+06	1.1111111e+02
3.2500000e+02	2.7311458e+06	1.1076923e+02
3.2600000e+02	2.7358258e+06	1.1042945e+02
3.2700000e+02	2.7404857e+06	1.1009174e+02
3.2800000e+02	2.7451255e+06	1.0975610e+02
3.2900000e+02	2.7497454e+06	1.0942249e+02
3.3000000e+02	2.7543454e+06	1.0909091e+02
3.3100000e+02	2.7589255e+06	1.0876133e+02
3.3200000e+02	2.7634858e+06	1.0843373e+02
3.3300000e+02	2.7680264e+06	1.0810811e+02
3.3400000e+02	2.7725473e+06	1.0778443e+02
3.3500000e+02	2.7770486e+06	1.0746269e+02
3.3600000e+02	2.7815303e+06	1.0714286e+02
3.3700000e+02	2.7859924e+06	1.0682493e+02
3.3800000e+02	2.7904352e+06	1.0650888e+02
3.3900000e+02	2.7948585e+06	1.0619469e+02
3.4000000e+02	2.7992626e+06	1.0588235e+02
3.4100000e+02	2.8036473e+06	1.0557185e+02
3.4200000e+02	2.8080128e+06	1.0526316e+02
3.4300000e+02	2.8123592e+06	1.0495627e+02
3.4400000e+02	2.8166865e+06	1.0465116e+02
3.4500000e+02	2.8209948e+06	1.0434783e+02
3.4600000e+02	2.8252840e+06	1.0404624e+02
3.4700000e+02	2.8295544e+06	1.0374640e+02
3.4800000e+02	2.8338059e+06	1.0344828e+02
3.4900000e+02	2.8380386e+06	1.0315186e+02
3.5000000e+02	2.8422526e+06	1.0285714e+02
3.5100000e+02	2.8464479e+06	1.0256410e+02
3.5200000e+02	2.8506246e+06	1.0227273e+02
3.5300000e+02	2.8547827e+06	1.0198300e+02
3.5400000e+02	2.8589223e+06	1.0169492e+02
3.5500000e+02	2.8630435e+06	1.0140845e+02
3.5600000e+02	2.8671463e+06	1.0112360e+02
3.5700000e+02	2.8712308e+06	1.0084034e+02
3.5800000e+02	2.8752971e+06	1.0055866e+02
3.5900000e+02	2.8793451e+06	1.0027855e+02
3.6000000e+02	2.8833750e+06	1.0000000e+02
3.6100000e+02	2.8873868e+06	9.9722992e+01
3.6200000e+02	2.8913807e+06	9.9447514e+01
3.6300000e+02	2.8953565e+06	9.9173554e+01
3.6400000e+02	2.8993145e+06	9.8901099e+01
3.6500000e+02	2.9032546e+06	9.8630137e+01
3.6600000e+02	2.9071769e+06	9.8360656e+01
3.6700000e+02	2.9110816e+06	9.8092643e+01
3.6800000e+02	2.9149686e+06	9.7826087e+01
3.6900000e+02	2.9188379e+06	9.7560976e+01
3.7000000e+02	2.9226898e+06	9.7297297e+01
3.7100000e+02	2.9265242e+06	9.7035040e+01
3.7200000e+02	2.9303412e+06	9.6774194e+01
3.7300000e+02	2.9341408e+06	9.6514745e+01
3.7400000e+02	2.9379231e+06	9.6256684e+01
3.7500000e+02	2.9416882e+06	9.6000000e+01
3.7600000e+02	2.9454361e+06	9.5744681e+01
3.7700000e+02	2.9491670e+06	9.5490716e+01
3.7800000e+02	2.9528807e+06	9.5238095e+01
3.7900000e+02	2.9565775e+06	9.4986807e+01
3.8000000e+02	2.9602574e+06	9.4736842e+01
3.8100000e+02	2.9639204e+06	9.4488189e+01
3.8200000e+02	2.9675666e+06	9.4240838e+01
3.8300000e+02	2.9711960e+06	9.3994778e+01
3.8400000e+02	2.9748088e+06	9.3750000e+01
3.8500000e+02	2.9784050e+06	9.3506494e+01
3.8600000e+02	2.9819845e+06	9.3264249e+01
3.8700000e+02	2.9855476e+06	9.3023256e+01
3.8800000e+02	2.9890943e+06	9.2783505e+01
3.8900000e+02	2.9926246e+06	9.2544987e+01
3.9000000e+02	2.9961385e+06	9.2307692e+01
3.9100000e+02	2.9996362e+06	9.2071611e+01
3.9200000e+02	3.0031177e+06	9.1836735e+01
3.9300000e+02	3.0065831e+06	9.1603053e+01
3.9400000e+02	3.0100324e+06	9.1370558e+01
3.9500000e+02	3.0134657e+06	9.1139241e+01
3.9600000e+02	3.0168830e+06	9.0909091e+01
3.9700000e+02	3.0202844e+06	9.0680101e+01
3.9800000e+02	3.0236701e+06	9.0452261e+01
3.9900000e+02	3.0270399e+06	9.0225564e+01
4.0000000e+02	3.0303940e+06	9.0000000e+01
4.0100000e+02	3.0337325e+06	8.9775561e+01
4.0200000e+02	3.0370554e+06	8.9552239e+01
4.0300000e+02	3.0403628e+06	8.9330025e+01
4.0400000e+02	3.0436547e+06	8.9108911e+01
4.0500000e+02	3.0469312e+06	8.8888889e+01
4.0600000e+02	3.0501924e+06	8.8669951e+01
4.0700000e+02	3.0534383e+06	8.8452088e+01
4.0800000e+02	3.0566690e+06	8.8235294e+01
4.0900000e+02	3.0598845e+06	8.8019560e+01
4.1000000e+02	3.0630849e+06	8.7804878e+01
4.1100000e+02	3.0662703e+06	8.7591241e+01
4.1200000e+02	3.0694407e+06	8.7378641e+01
4.1300000e+02	3.0725962e+06	8.7167070e+01
4.1400000e+02	3.0757368e+06	8.6956522e+01
4.1500000e+02	3.0788626e+06	8.6746988e+01
4.1600000e+02	3.0819737e+06	8.6538462e+01
4.1700000e+02	3.0850702e+06	8.6330935e+01
4.1800000e+02	3.0881520e+06	8.6124402e+01
4.1900000e+02	3.0912192e+06	8.5918854e+01
4.2000000e+02	3.0942720e+06	8.5714286e+01
4.2100000e+02	3.0973103e+06	8.5510689e+01
4.2200000e+02	3.1003343e+06	8.5308057e+01
4.2300000e+02	3.1033440e+06	8.5106383e+01
4.2400000e+02	3.1063394e+06	8.4905660e+01
4.2500000e+02	3.1093206e+06	8.4705882e+01
4.2600000e+02	3.1122877e+06	8.4507042e+01
4.2700000e+02	3.1152407e+06	8.4309133e+01
4.2800000e+02	3.1181798e+06	8.4112150e+01
4.2900000e+02	3.1211048e+06	8.3916084e+01
4.3000000e+02	3.1240160e+06	8.3720930e+01
4.3100000e+02	3.1269134e+06	8.3526682e+01
4.3200000e+02	3.1297970e+06	8.3333333e+01
4.3300000e+02	3.1326669e+06	8.3140878e+01
4.3400000e+02	3.1355231e+06	8.2949309e+01
4.3500000e+02	3.1383658e+06	8.2758621e+01
4.3600000e+02	3.1411949e+06	8.2568807e+01
4.3700000e+02	3.1440106e+06	8.2379863e+01
4.3800000e+02	3.1468129e+06	8.2191781e+01
4.3900000e+02	3.1496018e+06	8.2004556e+01
4.4000000e+02	3.1523774e+06	8.1818182e+01
4.4100000e+02	3.1551398e+06	8.1632653e+01
4.4200000e+02	3.1578891e+06	8.1447964e+01
4.4300000e+02	3.1606252e+06	8.1264108e+01
4.4400000e+02	3.1633483e+06	8.1081081e+01
4.4500000e+02	3.1660584e+06	8.0898876e+01
4.4600000e+02	3.1687556e+06	8.0717489e+01
4.4700000e+02	3.1714399e+06	8.0536913e+01
4.4800000e+02	3.1741114e+06	8.0357143e+01
4.4900000e+02	3.1767701e+06	8.0178174e+01
4.5000000e+02	3.1794162e+06	8.0000000e+01
4.5100000e+02	3.1820496e+06	7.9822616e+01
4.5200000e+02	3.1846705e+06	7.9646018e+01
4.5300000e+02	3.1872788e+06	7.9470199e+01
4.5400000e+02	3.1898747e+06	7.9295154e+01
4.5500000e+02	3.1924582e+06	7.9120879e+01
4.5600000e+02	3.1950294e+06	7.8947368e+01
4.5700000e+02	3.1975883e+06	7.8774617e+01
4.5800000e+02	3.2001350e+06	7.8602620e+01
4.5900000e+02	3.2026695e+06	7.8431373e+01
4.6000000e+02	3.2051919e+06	7.8260870e+01
4.6100000e+02	3.2077023e+06	7.8091106e+01
4.6200000e+02	3.2102007e+06	7.7922078e+01
4.6300000e+02	3.2126872e+06	7.7753780e+01
4.6400000e+02	3.2151618e+06	7.7586207e+01
4.6500000e+02	3.2176246e+06	7.7419355e+01
4.6600000e+02	3.2200757e+06	7.7253219e+01
4.6700000e+02	3.2225151e+06	7.7087794e+01
4.6800000e+02	3.2249428e+06	7.6923077e+01
4.6900000e+02	3.2273590e+06	7.6759062e+01
4.7000000e+02	3.2297636e+06	7.6595745e+01
4.7100000e+02	3.2321568e+06	7.6433121e+01
4.7200000e+02	3.2345386e+06	7.6271186e+01
4.7300000e+02	3.2369091e+06	7.6109937e+01
4.7400000e+02	3.2392683e+06	7.5949367e+01
4.7500000e+02	3.2416162e+06	7.5789474e+01
4.7600000e+02	3.2439530e+06	7.5630252e+01
4.7700000e+02	3.2462787e+06	7.5471698e+01
4.7800000e+02	3.2485933e+06	7.5313808e+01
4.7900000e+02	3.2508969e+06	7.5156576e+01
4.8000000e+02	3.2531896e+06	7.5000000e+01
4.8100000e+02	3.2554714e+06	7.4844075e+01
4.8200000e+02	3.2577424e+06	7.4688797e+01
4.8300000e+02	3.2600026e+06	7.4534161e+01
4.8400000e+02	3.2622522e+06	7.4380165e+01
4.8500000e+02	3.2644910e+06	7.4226804e+01
4.8600000e+02	3.2667193e+06	7.4074074e+01
4.8700000e+02	3.2689370e+06	7.3921971e+01
4.8800000e+02	3.2711442e+06	7.3770492e+01
4.8900000e+02	3.2733410e+06	7.3619632e+01
4.9000000e+02	3.2755275e+06	7.3469388e+01
4.9100000e+02	3.2777036e+06	7.3319756e+01
4.9200000e+02	3.2798695e+06	7.3170732e+01
4.9300000e+02	3.2820251e+06	7.3022312e+01
4.9400000e+02	3.2841707e+06	7.2874494e+01
4.9500000e+02	3.2863061e+06	7.2727273e+01
4.9600000e+02	3.2884315e+06	7.2580645e+01
4.9700000e+02	3.2905469e+06	7.2434608e+01
4.9800000e+02	3.2926524e+06	7.2289157e+01
4.9900000e+02	3.2947481e+06	7.2144289e+01
5.0000000e+02	3.2968339e+06	7.2000000e+01
5.0100000e+02	3.2989100e+06	7.1856287e+01
5.0200000e+02	3.3009764e+06	7.1713147e+01
5.0300000e+02	3.3030331e+06	7.1570577e+01
5.0400000e+02	3.3050802e+06	7.1428571e+01
5.0500000e+02	3.3071178e+06	7.1287129e+01
5.0600000e+02	3.3091459e+06	7.1146245e+01
5.0700000e+02	3.3111646e+06	7.1005917e+01
5.0800000e+02	3.3131740e+06	7.0866142e+01
5.0900000e+02	3.3151740e+06	7.0726916e+01
5.1000000e+02	3.3171647e+06	7.0588235e+01
5.1100000e+02	3.3191463e+06	7.0450098e+01
5.1200000e+02	3.3211187e+06	7.0312500e+01
5.1300000e+02	3.3230820e+06	7.0175439e+01
5.1400000e+02	3.3250362e+06	7.0038911e+01
5.1500000e+02	3.3269815e+06	6.9902913e+01
5.1600000e+02	3.3289178e+06	6.9767442e+01
5.1700000e+02	3.3308452e+06	6.9632495e+01
5.1800000e+02	3.3327639e+06	6.9498069e+01
5.1900000e+02	3.3346737e+06	6.9364162e+01
5.2000000e+02	3.3365748e+06	6.9230769e+01
5.2100000e+02	3.3384672e+06	6.9097889e+01
5.2200000e+02	3.3403511e+06	6.8965517e+01
5.2300000e+02	3.3422263e+06	6.8833652e+01
5.2400000e+02	3.3440931e+06	6.8702290e+01
5.2500000e+02	3.3459514e+06	6.8571429e+01
5.2600000e+02	3.3478013e+06	6.8441065e+01
5.2700000e+02	3.3496428e+06	6.8311195e+01
5.2800000e+02	3.3514761e+06	6.8181818e+01
5.2900000e+02	3.3533011e+06	6.8052930e+01
5.3000000e+02	3.3551179e+06	6.7924528e+01
5.3100000e+02	3.3569265e+06	6.7796610e+01
5.3200000e+02	3.3587271e+06	6.7669173e+01
5.3300000e+02	3.3605196e+06	6.7542214e+01
5.3400000e+02	3.3623041e+06	6.7415730e+01
5.3500000e+02	3.3640807e+06	6.7289720e+01
5.3600000e+02	3.3658495e+06	6.7164179e+01
5.3700000e+02	3.3676103e+06	6.7039106e+01
5.3800000e+02	3.3693634e+06	6.6914498e+01
5.3900000e+02	3.3711088e+06	6.6790353e+01
5.4000000e+02	3.3728465e+06	6.6666667e+01
5.4100000e+02	3.3745766e+06	6.6543438e+01
5.4200000e+02	3.3762991e+06	6.6420664e+01
5.4300000e+02	3.3780140e+06	6.6298343e+01
5.4400000e+02	3.3797215e+06	6.6176471e+01
5.4500000e+02	3.3814216e+06	6.6055046e+01
5.4600000e+02	3.3831142e+06	6.5934066e+01
5.4700000e+02	3.3847996e+06	6.5813528e+01
5.4800000e+02	3.3864777e+06	6.5693431e+01
5.4900000e+02	3.3881485e+06	6.5573770e+01
5.5000000e+02	3.3898122e+06	6.5454545e+01
5.5100000e+02	3.3914688e+06	6.5335753e+01
5.5200000e+02	3.3931182e+06	6.5217391e+01
5.5300000e+02	3.3947607e+06	6.5099458e+01
5.5400000e+02	3.3963961e+06	6.4981949e+01
5.5500000e+02	3.3980247e+06	6.4864865e+01
5.5600000e+02	3.3996463e+06	6.4748201e+01
5.5700000e+02	3.4012612e+06	6.4631957e+01
5.5800000e+02	3.4028692e+06	6.4516129e+01
5.5900000e+02	3.4044705e+06	6.4400716e+01
5.6000000e+02	3.4060651e+06	6.4285714e+01
5.6100000e+02	3.4076531e+06	6.4171123e+01
5.6200000e+02	3.4092345e+06	6.4056940e+01
5.6300000e+02	3.4108093e+06	6.3943162e+01
5.6400000e+02	3.4123777e+06	6.3829787e+01
5.6500000e+02	3.4139396e+06	6.3716814e+01
5.6600000e+02	3.4154951e+06	6.3604240e+01
5.6700000e+02	3.4170442e+06	6.3492063e+01
5.6800000e+02	3.4185871e+06	6.3380282e+01
5.6900000e+02	3.4201237e+06	6.3268893e+01
5.7000000e+02	3.4216541e+06	6.3157895e+01
5.7100000e+02	3.4231783e+06	6.3047285e+01
5.7200000e+02	3.4246964e+06	6.2937063e+01
5.7300000e+02	3.4262084e+06	6.2827225e+01
5.7400000e+02	3.4277144e+06	6.2717770e+01
5.7500000e+02	3.4292144e+06	6.2608696e+01
5.7600000e+02	3.4307085e+06	6.2500000e+01
5.7700000e+02	3.4321968e+06	6.2391681e+01
5.7800000e+02	3.4336791e+06	6.2283737e+01
5.7900000e+02	3.4351557e+06	6.2176166e+01
5.8000000e+02	3.4366265e+06	6.2068966e+01
5.8100000e+02	3.4380917e+06	6.1962134e+01
5.8200000e+02	3.4395511e+06	6.1855670e+01
5.8300000e+02	3.4410050e+06	6.1749571e+01
5.8400000e+02	3.4424533e+06	6.1643836e+01
5.8500000e+02	3.4438960e+06	6.1538462e+01
5.8600000e+02	3.4453333e+06	6.1433447e+01
5.8700000e+02	3.4467652e+06	6.1328790e+01
5.8800000e+02	3.4481917e+06	6.1224490e+01
5.8900000e+02	3.4496128e+06	6.1120543e+01
5.9000000e+02	3.4510286e+06	6.1016949e+01
5.9100000e+02	3.4524392e+06	6.0913706e+01
5.9200000e+02	3.4538445e+06	6.0810811e+01
5.9300000e+02	3.4552447e+06	6.0708263e+01
5.9400000e+02	3.4566397e+06	6.0606061e+01
5.9500000e+02	3.4580297e+06	6.0504202e+01
5.9600000e+02	3.4594146e+06	6.0402685e+01
5.9700000e+02	3.4607946e+06	6.0301508e+01
5.9800000e+02	3.4621696e+06	6.0200669e+01
5.9900000e+02	3.4635396e+06	6.0100167e+01
6.0000000e+02	3.4649048e+06	6.0000000e+01
6.0100000e+02	3.4662652e+06	5.9900166e+01
6.0200000e+02	3.4676208e+06	5.9800664e+01
6.0300000e+02	3.4689717e+06	5.9701493e+01
6.0400000e+02	3.4703178e+06	5.9602649e+01
6.0500000e+02	3.4716593e+06	5.9504132e+01
6.0600000e+02	3.4729962e+06	5.9405941e+01
6.0700000e+02	3.4743285e+06	5.9308072e+01
6.0800000e+02	3.4756562e+06	5.9210526e+01
6.0900000e+02	3.4769795e+06	5.9113300e+01
6.1000000e+02	3.4782983e+06	5.9016393e+01
6.1100000e+02	3.4796127e+06	5.8919804e+01
6.1200000e+02	3.4809228e+06	5.8823529e+01
6.1300000e+02	3.4822285e+06	5.8727569e+01
6.1400000e+02	3.4835299e+06	5.8631922e+01
6.1500000e+02	3.4848271e+06	5.8536585e+01
6.1600000e+02	3.4861201e+06	5.8441558e+01
6.1700000e+02	3.4874089e+06	5.8346840e+01
6.1800000e+02	3.4886935e+06	5.8252427e+01
6.1900000e+02	3.4899741e+06	5.8158320e+01
6.2000000e+02	3.4912506e+06	5.8064516e+01
6.2100000e+02	3.4925231e+06	5.7971014e+01
6.2200000e+02	3.4937917e+06	5.7877814e+01
6.2300000e+02	3.4950563e+06	5.7784912e+01
6.2400000e+02	3.4963170e+06	5.7692308e+01
6.2500000e+02	3.4975739e+06	5.7600000e+01
6.2600000e+02	3.4988269e+06	5.7507987e+01
6.2700000e+02	3.5000762e+06	5.7416268e+01
6.2800000e+02	3.5013217e+06	5.7324841e+01
6.2900000e+02	3.5025635e+06	5.7233704e+01
6.3000000e+02	3.5038017e+06	5.7142857e+01
6.3100000e+02	3.5050362e+06	5.7052298e+01
6.3200000e+02	3.5062671e+06	5.6962025e+01
6.3300000e+02	3.5074945e+06	5.6872038e+01
6.3400000e+02	3.5087184e+06	5.6782334e+01
6.3500000e+02	3.5099388e+06	5.6692913e+01
6.3600000e+02	3.5111557e+06	5.6603774e+01
6.3700000e+02	3.5123693e+06	5.6514914e+01
6.3800000e+02	3.5135794e+06	5.6426332e+01
6.3900000e+02	3.5147863e+06	5.6338028e+01
6.4000000e+02	3.5159898e+06	5.6250000e+01
6.4100000e+02	3.5171901e+06	5.6162246e+01
6.4200000e+02	3.5183872e+06	5.6074766e+01
6.4300000e+02	3.5195810e+06	5.5987558e+01
6.4400000e+02	3.5207717e+06	5.5900621e+01
6.4500000e+02	3.5219593e+06	5.5813953e+01
6.4600000e+02	3.5231438e+06	5.5727554e+01
6.4700000e+02	3.5243253e+06	5.5641422e+01
6.4800000e+02	3.5255038e+06	5.5555556e+01
6.4900000e+02	3.5266792e+06	5.5469954e+01
6.5000000e+02	3.5278517e+06	5.5384615e+01
6.5100000e+02	3.5290214e+06	5.5299539e+01
6.5200000e+02	3.5301881e+06	5.5214724e+01
6.5300000e+02	3.5313520e+06	5.5130168e+01
6.5400000e+02	3.5325131e+06	5.5045872e+01
6.5500000e+02	3.5336714e+06	5.4961832e+01
6.5600000e+02	3.5348270e+06	5.4878049e+01
6.5700000e+02	3.5359798e+06	5.4794521e+01
6.5800000e+02	3.5371300e+06	5.4711246e+01
6.5900000e+02	3.5382776e+06	5.4628225e+01
6.6000000e+02	3.5394225e+06	5.4545455e+01
6.6100000e+02	3.5405649e+06	5.4462935e+01
6.6200000e+02	3.5417047e+06	5.4380665e+01
6.6300000e+02	3.5428420e+06	5.4298643e+01
6.6400000e+02	3.5439768e+06	5.4216867e+01
6.6500000e+02	3.5451092e+06	5.4135338e+01
6.6600000e+02	3.5462392e+06	5.4054054e+01
6.6700000e+02	3.5473668e+06	5.3973013e+01
6.6800000e+02	3.5484920e+06	5.3892216e+01
6.6900000e+02	3.5496149e+06	5.3811659e+01
6.7000000e+02	3.5507355e+06	5.3731343e+01
6.7100000e+02	3.5518538e+06	5.3651267e+01
6.7200000e+02	3.5529700e+06	5.3571429e+01
6.7300000e+02	3.5540839e+06	5.3491828e+01
6.7400000e+02	3.5551956e+06	5.3412463e+01
6.7500000e+02	3.5563053e+06	5.3333333e+01
6.7600000e+02	3.5574128e+06	5.3254438e+01
6.7700000e+02	3.5585182e+06	5.3175775e+01
6.7800000e+02	3.5596216e+06	5.3097345e+01
6.7900000e+02	3.5607230e+06	5.3019146e+01
6.8000000e+02	3.5618223e+06	5.2941176e+01
6.8100000e+02	3.5629197e+06	5.2863436e+01
6.8200000e+02	3.5640152e+06	5.2785924e+01
6.8300000e+02	3.5651088e+06	5.2708638e+01
6.8400000e+02	3.5662005e+06	5.2631579e+01
6.8500000e+02	3.5672904e+06	5.2554745e+01
6.8600000e+02	3.5683784e+06	5.2478134e+01
6.8700000e+02	3.5694647e+06	5.2401747e+01
6.8800000e+02	3.5705492e+06	5.2325581e+01
6.8900000e+02	3.5716319e+06	5.2249637e+01
6.9000000e+02	3.5727130e+06	5.2173913e+01
6.9100000e+02	3.5737923e+06	5.2098408e+01
6.9200000e+02	3.5748701e+06	5.2023121e+01
6.9300000e+02	3.5759462e+06	5.1948052e+01
6.9400000e+02	3.5770207e+06	5.1873199e+01
6.9500000e+02	3.5780936e+06	5.1798561e+01
6.9600000e+02	3.5791650e+06	5.1724138e+01
6.9700000e+02	3.5802349e+06	5.1649928e+01
6.9800000e+02	3.5813033e+06	5.1575931e+01
6.9900000e+02	3.5823702e+06	5.1502146e+01
7.0000000e+02	3.5834357e+06	5.1428571e+01
