---
source: "Gold Data source: thermophysical properties of matter vol.4 curve 1 plus curve2, vol.1"
author: "Jia"
---

T (K)	rho_cp (J/m^3K)	S (W/mK)
6.0000000e+01	1.6257602e+06	3.2867218e+02
6.1000000e+01	1.6458265e+06	3.2863518e+02
6.2000000e+01	1.6652951e+06	3.2859807e+02
6.3000000e+01	1.6841779e+06	3.2856085e+02
6.4000000e+01	1.7024873e+06	3.2852353e+02
6.5000000e+01	1.7202359e+06	3.2848611e+02
6.6000000e+01	1.7374366e+06	3.2844857e+02
6.7000000e+01	1.7541028e+06	3.2841094e+02
6.8000000e+01	1.7702476e+06	3.2837319e+02
6.9000000e+01	1.7858848e+06	3.2833535e+02
7.0000000e+01	1.8010279e+06	3.2829740e+02
7.1000000e+01	1.8156909e+06	3.2825934e+02
7.2000000e+01	1.8298875e+06	3.2822118e+02
7.3000000e+01	1.8436315e+06	3.2818292e+02
7.4000000e+01	1.8569368e+06	3.2814455e+02
7.5000000e+01	1.8698173e+06	3.2810608e+02
7.6000000e+01	1.8822866e+06	3.2806750e+02
7.7000000e+01	1.8943585e+06	3.2802883e+02
7.8000000e+01	1.9060464e+06	3.2799005e+02
7.9000000e+01	1.9173637e+06	3.2795116e+02
8.0000000e+01	1.9283238e+06	3.2791218e+02
8.1000000e+01	1.9389395e+06	3.2787309e+02
8.2000000e+01	1.9492239e+06	3.2783389e+02
8.3000000e+01	1.9591894e+06	3.2779460e+02
8.4000000e+01	1.9688486e+06	3.2775520e+02
8.5000000e+01	1.9782136e+06	3.2771571e+02
8.6000000e+01	1.9872963e+06	3.2767611e+02
8.7000000e+01	1.9961084e+06	3.2763641e+02
8.8000000e+01	2.0046611e+06	3.2759660e+02
8.9000000e+01	2.0129657e+06	3.2755670e+02
9.0000000e+01	2.0210327e+06	3.2751669e+02
9.1000000e+01	2.0288728e+06	3.2747659e+02
9.2000000e+01	2.0364960e+06	3.2743638e+02
9.3000000e+01	2.0439121e+06	3.2739607e+02
9.4000000e+01	2.0511308e+06	3.2735567e+02
9.5000000e+01	2.0581612e+06	3.2731516e+02
9.6000000e+01	2.0650122e+06	3.2727455e+02
9.7000000e+01	2.0716922e+06	3.2723384e+02
9.8000000e+01	2.0782096e+06	3.2719304e+02
9.9000000e+01	2.0845722e+06	3.2715213e+02
1.0000000e+02	2.0907874e+06	3.2711112e+02
1.0100000e+02	2.0968627e+06	3.2707002e+02
1.0200000e+02	2.1028048e+06	3.2702882e+02
1.0300000e+02	2.1086204e+06	3.2698751e+02
1.0400000e+02	2.1143157e+06	3.2694611e+02
1.0500000e+02	2.1198966e+06	3.2690461e+02
1.0600000e+02	2.1253688e+06	3.2686301e+02
1.0700000e+02	2.1307377e+06	3.2682132e+02
1.0800000e+02	2.1360081e+06	3.2677952e+02
1.0900000e+02	2.1411850e+06	3.2673763e+02
1.1000000e+02	2.1462726e+06	3.2669564e+02
1.1100000e+02	2.1512753e+06	3.2665356e+02
1.1200000e+02	2.1561968e+06	3.2661137e+02
1.1300000e+02	2.1610408e+06	3.2656909e+02
1.1400000e+02	2.1658106e+06	3.2652671e+02
1.1500000e+02	2.1705095e+06	3.2648424e+02
1.1600000e+02	2.1751401e+06	3.2644167e+02
1.1700000e+02	2.1797052e+06	3.2639900e+02
1.1800000e+02	2.1842071e+06	3.2635623e+02
1.1900000e+02	2.1886480e+06	3.2631337e+02
1.2000000e+02	2.1930300e+06	3.2627042e+02
1.2100000e+02	2.1973547e+06	3.2622737e+02
1.2200000e+02	2.2016238e+06	3.2618422e+02
1.2300000e+02	2.2058386e+06	3.2614098e+02
1.2400000e+02	2.2100004e+06	3.2609764e+02
1.2500000e+02	2.2141102e+06	3.2605421e+02
1.2600000e+02	2.2181689e+06	3.2601068e+02
1.2700000e+02	2.2221773e+06	3.2596706e+02
1.2800000e+02	2.2261361e+06	3.2592334e+02
1.2900000e+02	2.2300456e+06	3.2587953e+02
1.3000000e+02	2.2339063e+06	3.2583563e+02
1.3100000e+02	2.2377184e+06	3.2579163e+02
1.3200000e+02	2.2414822e+06	3.2574754e+02
1.3300000e+02	2.2451976e+06	3.2570335e+02
1.3400000e+02	2.2488647e+06	3.2565907e+02
1.3500000e+02	2.2524833e+06	3.2561470e+02
1.3600000e+02	2.2560535e+06	3.2557023e+02
1.3700000e+02	2.2595748e+06	3.2552567e+02
1.3800000e+02	2.2630472e+06	3.2548102e+02
1.3900000e+02	2.2664702e+06	3.2543628e+02
1.4000000e+02	2.2698436e+06	3.2539144e+02
1.4100000e+02	2.2731671e+06	3.2534651e+02
1.4200000e+02	2.2764401e+06	3.2530149e+02
1.4300000e+02	2.2796625e+06	3.2525638e+02
1.4400000e+02	2.2828337e+06	3.2521117e+02
1.4500000e+02	2.2859535e+06	3.2516588e+02
1.4600000e+02	2.2890213e+06	3.2512049e+02
1.4700000e+02	2.2920369e+06	3.2507501e+02
1.4800000e+02	2.2950000e+06	3.2502944e+02
1.4900000e+02	2.2979102e+06	3.2498378e+02
1.5000000e+02	2.3007672e+06	3.2493803e+02
1.5100000e+02	2.3035708e+06	3.2489219e+02
1.5200000e+02	2.3063208e+06	3.2484626e+02
1.5300000e+02	2.3090170e+06	3.2480024e+02
1.5400000e+02	2.3116594e+06	3.2475413e+02
1.5500000e+02	2.3142478e+06	3.2470793e+02
1.5600000e+02	2.3167823e+06	3.2466163e+02
1.5700000e+02	2.3192629e+06	3.2461525e+02
1.5800000e+02	2.3216897e+06	3.2456878e+02
1.5900000e+02	2.3240630e+06	3.2452223e+02
1.6000000e+02	2.3263830e+06	3.2447558e+02
1.6100000e+02	2.3286499e+06	3.2442884e+02
1.6200000e+02	2.3308642e+06	3.2438202e+02
1.6300000e+02	2.3330264e+06	3.2433510e+02
1.6400000e+02	2.3351369e+06	3.2428810e+02
1.6500000e+02	2.3371964e+06	3.2424101e+02
1.6600000e+02	2.3392056e+06	3.2419383e+02
1.6700000e+02	2.3411651e+06	3.2414657e+02
1.6800000e+02	2.3430758e+06	3.2409921e+02
1.6900000e+02	2.3449386e+06	3.2405177e+02
1.7000000e+02	2.3467544e+06	3.2400425e+02
1.7100000e+02	2.3485243e+06	3.2395663e+02
1.7200000e+02	2.3502493e+06	3.2390893e+02
1.7300000e+02	2.3519306e+06	3.2386114e+02
1.7400000e+02	2.3535693e+06	3.2381327e+02
1.7500000e+02	2.3551668e+06	3.2376531e+02
1.7600000e+02	2.3567244e+06	3.2371726e+02
1.7700000e+02	2.3582434e+06	3.2366913e+02
1.7800000e+02	2.3597253e+06	3.2362091e+02
1.7900000e+02	2.3611716e+06	3.2357260e+02
1.8000000e+02	2.3625837e+06	3.2352421e+02
1.8100000e+02	2.3639632e+06	3.2347574e+02
1.8200000e+02	2.3653116e+06	3.2342718e+02
1.8300000e+02	2.3666306e+06	3.2337853e+02
1.8400000e+02	2.3679219e+06	3.2332980e+02
1.8500000e+02	2.3691870e+06	3.2328099e+02
1.8600000e+02	2.3704277e+06	3.2323209e+02
1.8700000e+02	2.3716455e+06	3.2318311e+02
1.8800000e+02	2.3728423e+06	3.2313404e+02
1.8900000e+02	2.3740196e+06	3.2308489e+02
1.9000000e+02	2.3751791e+06	3.2303565e+02
1.9100000e+02	2.3763226e+06	3.2298633e+02
1.9200000e+02	2.3774515e+06	3.2293693e+02
1.9300000e+02	2.3785676e+06	3.2288745e+02
1.9400000e+02	2.3796725e+06	3.2283788e+02
1.9500000e+02	2.3807676e+06	3.2278823e+02
1.9600000e+02	2.3818546e+06	3.2273849e+02
1.9700000e+02	2.3829348e+06	3.2268868e+02
1.9800000e+02	2.3840096e+06	3.2263878e+02
1.9900000e+02	2.3850806e+06	3.2258880e+02
2.0000000e+02	2.3861488e+06	3.2253873e+02
2.0100000e+02	2.3872156e+06	3.2248859e+02
2.0200000e+02	2.3882821e+06	3.2243836e+02
2.0300000e+02	2.3893494e+06	3.2238805e+02
2.0400000e+02	2.3904185e+06	3.2233767e+02
2.0500000e+02	2.3914902e+06	3.2228720e+02
2.0600000e+02	2.3925655e+06	3.2223664e+02
2.0700000e+02	2.3936450e+06	3.2218601e+02
2.0800000e+02	2.3947293e+06	3.2213530e+02
2.0900000e+02	2.3958190e+06	3.2208451e+02
2.1000000e+02	2.3969145e+06	3.2203363e+02
2.1100000e+02	2.3980161e+06	3.2198268e+02
2.1200000e+02	2.3991240e+06	3.2193165e+02
2.1300000e+02	2.4002382e+06	3.2188053e+02
2.1400000e+02	2.4013588e+06	3.2182934e+02
2.1500000e+02	2.4024856e+06	3.2177807e+02
2.1600000e+02	2.4036183e+06	3.2172672e+02
2.1700000e+02	2.4047565e+06	3.2167529e+02
2.1800000e+02	2.4058999e+06	3.2162378e+02
2.1900000e+02	2.4070478e+06	3.2157219e+02
2.2000000e+02	2.4081994e+06	3.2152052e+02
2.2100000e+02	2.4093540e+06	3.2146878e+02
2.2200000e+02	2.4105106e+06	3.2141695e+02
2.2300000e+02	2.4116683e+06	3.2136505e+02
2.2400000e+02	2.4128258e+06	3.2131307e+02
2.2500000e+02	2.4139821e+06	3.2126102e+02
2.2600000e+02	2.4151358e+06	3.2120888e+02
2.2700000e+02	2.4162856e+06	3.2115667e+02
2.2800000e+02	2.4174301e+06	3.2110438e+02
2.2900000e+02	2.4185676e+06	3.2105202e+02
2.3000000e+02	2.4196969e+06	3.2099958e+02
2.3100000e+02	2.4208162e+06	3.2094706e+02
2.3200000e+02	2.4219240e+06	3.2089446e+02
2.3300000e+02	2.4230187e+06	3.2084179e+02
2.3400000e+02	2.4240988e+06	3.2078904e+02
2.3500000e+02	2.4251626e+06	3.2073622e+02
2.3600000e+02	2.4262087e+06	3.2068332e+02
2.3700000e+02	2.4272355e+06	3.2063034e+02
2.3800000e+02	2.4282418e+06	3.2057729e+02
2.3900000e+02	2.4292262e+06	3.2052417e+02
2.4000000e+02	2.4301876e+06	3.2047097e+02
2.4100000e+02	2.4311250e+06	3.2041769e+02
2.4200000e+02	2.4320376e+06	3.2036434e+02
2.4300000e+02	2.4329247e+06	3.2031091e+02
2.4400000e+02	2.4337859e+06	3.2025742e+02
2.4500000e+02	2.4346212e+06	3.2020384e+02
2.4600000e+02	2.4354306e+06	3.2015019e+02
2.4700000e+02	2.4362146e+06	3.2009647e+02
2.4800000e+02	2.4369742e+06	3.2004268e+02
2.4900000e+02	2.4377106e+06	3.1998881e+02
2.5000000e+02	2.4384254e+06	3.1993487e+02
2.5100000e+02	2.4391209e+06	3.1988085e+02
2.5200000e+02	2.4397998e+06	3.1982676e+02
2.5300000e+02	2.4404653e+06	3.1977260e+02
2.5400000e+02	2.4411215e+06	3.1971837e+02
2.5500000e+02	2.4417728e+06	3.1966406e+02
2.5600000e+02	2.4424245e+06	3.1960968e+02
2.5700000e+02	2.4430829e+06	3.1955523e+02
2.5800000e+02	2.4437547e+06	3.1950071e+02
2.5900000e+02	2.4444478e+06	3.1944612e+02
2.6000000e+02	2.4451710e+06	3.1939145e+02
2.6100000e+02	2.4459341e+06	3.1933671e+02
2.6200000e+02	2.4467480e+06	3.1928190e+02
2.6300000e+02	2.4476247e+06	3.1922702e+02
2.6400000e+02	2.4485774e+06	3.1917207e+02
2.6500000e+02	2.4496209e+06	3.1911705e+02
2.6600000e+02	2.4507710e+06	3.1906196e+02
2.6700000e+02	2.4520452e+06	3.1900680e+02
2.6800000e+02	2.4534624e+06	3.1895156e+02
2.6900000e+02	2.4550432e+06	3.1889626e+02
2.7000000e+02	2.4568100e+06	3.1884089e+02
2.7100000e+02	2.4578730e+06	3.1878545e+02
2.7200000e+02	2.4589247e+06	3.1872993e+02
2.7300000e+02	2.4599753e+06	3.1867435e+02
2.7400000e+02	2.4610247e+06	3.1861870e+02
2.7500000e+02	2.4620730e+06	3.1856298e+02
2.7600000e+02	2.4631201e+06	3.1850720e+02
2.7700000e+02	2.4641660e+06	3.1845134e+02
2.7800000e+02	2.4652108e+06	3.1839541e+02
2.7900000e+02	2.4662544e+06	3.1833942e+02
2.8000000e+02	2.4672969e+06	3.1828336e+02
2.8100000e+02	2.4683382e+06	3.1822723e+02
2.8200000e+02	2.4693783e+06	3.1817103e+02
2.8300000e+02	2.4704173e+06	3.1811476e+02
2.8400000e+02	2.4714551e+06	3.1805843e+02
2.8500000e+02	2.4724917e+06	3.1800203e+02
2.8600000e+02	2.4735272e+06	3.1794556e+02
2.8700000e+02	2.4745615e+06	3.1788903e+02
2.8800000e+02	2.4755947e+06	3.1783243e+02
2.8900000e+02	2.4766267e+06	3.1777576e+02
2.9000000e+02	2.4776575e+06	3.1771903e+02
2.9100000e+02	2.4786872e+06	3.1766223e+02
2.9200000e+02	2.4797157e+06	3.1760536e+02
2.9300000e+02	2.4807431e+06	3.1754843e+02
2.9400000e+02	2.4817693e+06	3.1749143e+02
2.9500000e+02	2.4827943e+06	3.1743437e+02
2.9600000e+02	2.4838182e+06	3.1737724e+02
2.9700000e+02	2.4848409e+06	3.1732005e+02
2.9800000e+02	2.4858624e+06	3.1726279e+02
2.9900000e+02	2.4868828e+06	3.1720546e+02
3.0000000e+02	2.4879020e+06	3.1714807e+02
3.0100000e+02	2.4889201e+06	3.1709062e+02
3.0200000e+02	2.4899370e+06	3.1703310e+02
3.0300000e+02	2.4909527e+06	3.1697552e+02
3.0400000e+02	2.4919673e+06	3.1691788e+02
3.0500000e+02	2.4929807e+06	3.1686017e+02
3.0600000e+02	2.4939930e+06	3.1680239e+02
3.0700000e+02	2.4950040e+06	3.1674456e+02
3.0800000e+02	2.4960140e+06	3.1668666e+02
3.0900000e+02	2.4970227e+06	3.1662870e+02
3.1000000e+02	2.4980303e+06	3.1657067e+02
3.1100000e+02	2.4990368e+06	3.1651258e+02
3.1200000e+02	2.5000421e+06	3.1645443e+02
3.1300000e+02	2.5010462e+06	3.1639622e+02
3.1400000e+02	2.5020492e+06	3.1633794e+02
3.1500000e+02	2.5030510e+06	3.1627960e+02
3.1600000e+02	2.5040516e+06	3.1622120e+02
3.1700000e+02	2.5050511e+06	3.1616274e+02
3.1800000e+02	2.5060494e+06	3.1610422e+02
3.1900000e+02	2.5070465e+06	3.1604563e+02
3.2000000e+02	2.5080425e+06	3.1598699e+02
3.2100000e+02	2.5090374e+06	3.1592828e+02
3.2200000e+02	2.5100310e+06	3.1586951e+02
3.2300000e+02	2.5110235e+06	3.1581068e+02
3.2400000e+02	2.5120149e+06	3.1575179e+02
3.2500000e+02	2.5130051e+06	3.1569284e+02
3.2600000e+02	2.5139941e+06	3.1563384e+02
3.2700000e+02	2.5149819e+06	3.1557477e+02
3.2800000e+02	2.5159686e+06	3.1551564e+02
3.2900000e+02	2.5169542e+06	3.1545645e+02
3.3000000e+02	2.5179385e+06	3.1539720e+02
3.3100000e+02	2.5189218e+06	3.1533789e+02
3.3200000e+02	2.5199038e+06	3.1527852e+02
3.3300000e+02	2.5208847e+06	3.1521910e+02
3.3400000e+02	2.5218644e+06	3.1515961e+02
3.3500000e+02	2.5228430e+06	3.1510007e+02
3.3600000e+02	2.5238204e+06	3.1504047e+02
3.3700000e+02	2.5247966e+06	3.1498081e+02
3.3800000e+02	2.5257717e+06	3.1492109e+02
3.3900000e+02	2.5267456e+06	3.1486131e+02
3.4000000e+02	2.5277184e+06	3.1480148e+02
3.4100000e+02	2.5286900e+06	3.1474159e+02
3.4200000e+02	2.5296604e+06	3.1468164e+02
3.4300000e+02	2.5306297e+06	3.1462163e+02
3.4400000e+02	2.5315978e+06	3.1456157e+02
3.4500000e+02	2.5325648e+06	3.1450145e+02
3.4600000e+02	2.5335306e+06	3.1444127e+02
3.4700000e+02	2.5344952e+06	3.1438104e+02
3.4800000e+02	2.5354587e+06	3.1432075e+02
3.4900000e+02	2.5364210e+06	3.1426040e+02
3.5000000e+02	2.5373821e+06	3.1420000e+02
3.5100000e+02	2.5383421e+06	3.1413954e+02
3.5200000e+02	2.5393009e+06	3.1407903e+02
3.5300000e+02	2.5402586e+06	3.1401846e+02
3.5400000e+02	2.5412151e+06	3.1395783e+02
3.5500000e+02	2.5421704e+06	3.1389716e+02
3.5600000e+02	2.5431246e+06	3.1383642e+02
3.5700000e+02	2.5440776e+06	3.1377563e+02
3.5800000e+02	2.5450294e+06	3.1371479e+02
3.5900000e+02	2.5459801e+06	3.1365389e+02
3.6000000e+02	2.5469296e+06	3.1359294e+02
3.6100000e+02	2.5478780e+06	3.1353193e+02
3.6200000e+02	2.5488252e+06	3.1347087e+02
3.6300000e+02	2.5497713e+06	3.1340975e+02
3.6400000e+02	2.5507161e+06	3.1334858e+02
3.6500000e+02	2.5516599e+06	3.1328736e+02
3.6600000e+02	2.5526024e+06	3.1322609e+02
3.6700000e+02	2.5535438e+06	3.1316476e+02
3.6800000e+02	2.5544840e+06	3.1310338e+02
3.6900000e+02	2.5554231e+06	3.1304195e+02
3.7000000e+02	2.5563610e+06	3.1298046e+02
3.7100000e+02	2.5572978e+06	3.1291892e+02
3.7200000e+02	2.5582334e+06	3.1285733e+02
3.7300000e+02	2.5591678e+06	3.1279569e+02
3.7400000e+02	2.5601011e+06	3.1273399e+02
3.7500000e+02	2.5610332e+06	3.1267224e+02
3.7600000e+02	2.5619641e+06	3.1261045e+02
3.7700000e+02	2.5628939e+06	3.1254860e+02
3.7800000e+02	2.5638225e+06	3.1248670e+02
3.7900000e+02	2.5647500e+06	3.1242475e+02
3.8000000e+02	2.5656763e+06	3.1236274e+02
3.8100000e+02	2.5666014e+06	3.1230069e+02
3.8200000e+02	2.5675254e+06	3.1223859e+02
3.8300000e+02	2.5684482e+06	3.1217643e+02
3.8400000e+02	2.5693698e+06	3.1211423e+02
3.8500000e+02	2.5702903e+06	3.1205197e+02
3.8600000e+02	2.5712096e+06	3.1198967e+02
3.8700000e+02	2.5721278e+06	3.1192732e+02
3.8800000e+02	2.5730448e+06	3.1186491e+02
3.8900000e+02	2.5739607e+06	3.1180246e+02
3.9000000e+02	2.5748753e+06	3.1173996e+02
3.9100000e+02	2.5757889e+06	3.1167741e+02
3.9200000e+02	2.5767012e+06	3.1161481e+02
3.9300000e+02	2.5776124e+06	3.1155216e+02
3.9400000e+02	2.5785224e+06	3.1148947e+02
3.9500000e+02	2.5794313e+06	3.1142672e+02
3.9600000e+02	2.5803390e+06	3.1136393e+02
3.9700000e+02	2.5812456e+06	3.1130109e+02
3.9800000e+02	2.5821510e+06	3.1123820e+02
3.9900000e+02	2.5830552e+06	3.1117527e+02
4.0000000e+02	2.5839583e+06	3.1111229e+02
4.0100000e+02	2.5848602e+06	3.1104926e+02
4.0200000e+02	2.5857609e+06	3.1098618e+02
4.0300000e+02	2.5866605e+06	3.1092305e+02
4.0400000e+02	2.5875589e+06	3.1085988e+02
4.0500000e+02	2.5884562e+06	3.1079667e+02
4.0600000e+02	2.5893523e+06	3.1073340e+02
4.0700000e+02	2.5902472e+06	3.1067009e+02
4.0800000e+02	2.5911410e+06	3.1060674e+02
4.0900000e+02	2.5920336e+06	3.1054334e+02
4.1000000e+02	2.5929250e+06	3.1047989e+02
4.1100000e+02	2.5938153e+06	3.1041640e+02
4.1200000e+02	2.5947044e+06	3.1035286e+02
4.1300000e+02	2.5955924e+06	3.1028928e+02
4.1400000e+02	2.5964792e+06	3.1022565e+02
4.1500000e+02	2.5973648e+06	3.1016198e+02
4.1600000e+02	2.5982493e+06	3.1009826e+02
4.1700000e+02	2.5991326e+06	3.1003450e+02
4.1800000e+02	2.6000148e+06	3.0997069e+02
4.1900000e+02	2.6008958e+06	3.0990684e+02
4.2000000e+02	2.6017756e+06	3.0984295e+02
4.2100000e+02	2.6026543e+06	3.0977901e+02
4.2200000e+02	2.6035318e+06	3.0971503e+02
4.2300000e+02	2.6044081e+06	3.0965100e+02
4.2400000e+02	2.6052833e+06	3.0958694e+02
4.2500000e+02	2.6061574e+06	3.0952283e+02
4.2600000e+02	2.6070302e+06	3.0945867e+02
4.2700000e+02	2.6079019e+06	3.0939448e+02
4.2800000e+02	2.6087725e+06	3.0933024e+02
4.2900000e+02	2.6096418e+06	3.0926596e+02
4.3000000e+02	2.6105101e+06	3.0920163e+02
4.3100000e+02	2.6113771e+06	3.0913727e+02
4.3200000e+02	2.6122430e+06	3.0907286e+02
4.3300000e+02	2.6131077e+06	3.0900841e+02
4.3400000e+02	2.6139713e+06	3.0894392e+02
4.3500000e+02	2.6148337e+06	3.0887939e+02
4.3600000e+02	2.6156950e+06	3.0881481e+02
4.3700000e+02	2.6165551e+06	3.0875020e+02
4.3800000e+02	2.6174140e+06	3.0868555e+02
4.3900000e+02	2.6182717e+06	3.0862085e+02
4.4000000e+02	2.6191284e+06	3.0855612e+02
4.4100000e+02	2.6199838e+06	3.0849134e+02
4.4200000e+02	2.6208381e+06	3.0842652e+02
4.4300000e+02	2.6216912e+06	3.0836167e+02
4.4400000e+02	2.6225431e+06	3.0829677e+02
4.4500000e+02	2.6233939e+06	3.0823184e+02
4.4600000e+02	2.6242436e+06	3.0816686e+02
4.4700000e+02	2.6250920e+06	3.0810185e+02
4.4800000e+02	2.6259393e+06	3.0803679e+02
4.4900000e+02	2.6267855e+06	3.0797170e+02
4.5000000e+02	2.6276305e+06	3.0790657e+02
4.5100000e+02	2.6284743e+06	3.0784140e+02
4.5200000e+02	2.6293170e+06	3.0777619e+02
4.5300000e+02	2.6301585e+06	3.0771095e+02
4.5400000e+02	2.6309988e+06	3.0764567e+02
4.5500000e+02	2.6318380e+06	3.0758034e+02
4.5600000e+02	2.6326760e+06	3.0751498e+02
4.5700000e+02	2.6335129e+06	3.0744959e+02
4.5800000e+02	2.6343486e+06	3.0738415e+02
4.5900000e+02	2.6351831e+06	3.0731868e+02
4.6000000e+02	2.6360165e+06	3.0725317e+02
4.6100000e+02	2.6368487e+06	3.0718763e+02
4.6200000e+02	2.6376797e+06	3.0712205e+02
4.6300000e+02	2.6385096e+06	3.0705643e+02
4.6400000e+02	2.6393383e+06	3.0699077e+02
4.6500000e+02	2.6401659e+06	3.0692508e+02
4.6600000e+02	2.6409923e+06	3.0685936e+02
4.6700000e+02	2.6418175e+06	3.0679359e+02
4.6800000e+02	2.6426416e+06	3.0672780e+02
4.6900000e+02	2.6434645e+06	3.0666196e+02
4.7000000e+02	2.6442863e+06	3.0659609e+02
4.7100000e+02	2.6451069e+06	3.0653019e+02
4.7200000e+02	2.6459263e+06	3.0646425e+02
4.7300000e+02	2.6467446e+06	3.0639828e+02
4.7400000e+02	2.6475617e+06	3.0633227e+02
4.7500000e+02	2.6483776e+06	3.0626623e+02
4.7600000e+02	2.6491924e+06	3.0620015e+02
4.7700000e+02	2.6500060e+06	3.0613404e+02
4.7800000e+02	2.6508185e+06	3.0606790e+02
4.7900000e+02	2.6516298e+06	3.0600172e+02
4.8000000e+02	2.6524399e+06	3.0593551e+02
4.8100000e+02	2.6532489e+06	3.0586926e+02
4.8200000e+02	2.6540567e+06	3.0580298e+02
4.8300000e+02	2.6548634e+06	3.0573667e+02
4.8400000e+02	2.6556689e+06	3.0567033e+02
4.8500000e+02	2.6564732e+06	3.0560395e+02
4.8600000e+02	2.6572764e+06	3.0553754e+02
4.8700000e+02	2.6580784e+06	3.0547110e+02
4.8800000e+02	2.6588792e+06	3.0540463e+02
4.8900000e+02	2.6596789e+06	3.0533812e+02
4.9000000e+02	2.6604774e+06	3.0527159e+02
4.9100000e+02	2.6612748e+06	3.0520502e+02
4.9200000e+02	2.6620710e+06	3.0513842e+02
4.9300000e+02	2.6628660e+06	3.0507178e+02
4.9400000e+02	2.6636599e+06	3.0500512e+02
4.9500000e+02	2.6644526e+06	3.0493843e+02
4.9600000e+02	2.6652442e+06	3.0487170e+02
4.9700000e+02	2.6660346e+06	3.0480495e+02
4.9800000e+02	2.6668238e+06	3.0473816e+02
4.9900000e+02	2.6676119e+06	3.0467135e+02
5.0000000e+02	2.6683988e+06	3.0460450e+02
5.0100000e+02	2.6691845e+06	3.0453763e+02
5.0200000e+02	2.6699691e+06	3.0447072e+02
5.0300000e+02	2.6707525e+06	3.0440379e+02
5.0400000e+02	2.6715348e+06	3.0433682e+02
5.0500000e+02	2.6723159e+06	3.0426983e+02
5.0600000e+02	2.6730958e+06	3.0420281e+02
5.0700000e+02	2.6738746e+06	3.0413575e+02
5.0800000e+02	2.6746522e+06	3.0406867e+02
5.0900000e+02	2.6754287e+06	3.0400157e+02
5.1000000e+02	2.6762040e+06	3.0393443e+02
5.1100000e+02	2.6769781e+06	3.0386726e+02
5.1200000e+02	2.6777511e+06	3.0380007e+02
5.1300000e+02	2.6785229e+06	3.0373285e+02
5.1400000e+02	2.6792935e+06	3.0366560e+02
5.1500000e+02	2.6800630e+06	3.0359833e+02
5.1600000e+02	2.6808313e+06	3.0353102e+02
5.1700000e+02	2.6815985e+06	3.0346369e+02
5.1800000e+02	2.6823645e+06	3.0339634e+02
5.1900000e+02	2.6831293e+06	3.0332895e+02
5.2000000e+02	2.6838930e+06	3.0326154e+02
5.2100000e+02	2.6846555e+06	3.0319411e+02
5.2200000e+02	2.6854169e+06	3.0312664e+02
5.2300000e+02	2.6861771e+06	3.0305915e+02
5.2400000e+02	2.6869361e+06	3.0299164e+02
5.2500000e+02	2.6876940e+06	3.0292410e+02
5.2600000e+02	2.6884507e+06	3.0285653e+02
5.2700000e+02	2.6892062e+06	3.0278894e+02
5.2800000e+02	2.6899606e+06	3.0272132e+02
5.2900000e+02	2.6907138e+06	3.0265368e+02
5.3000000e+02	2.6914659e+06	3.0258601e+02
5.3100000e+02	2.6922168e+06	3.0251832e+02
5.3200000e+02	2.6929665e+06	3.0245060e+02
5.3300000e+02	2.6937151e+06	3.0238286e+02
5.3400000e+02	2.6944625e+06	3.0231510e+02
5.3500000e+02	2.6952088e+06	3.0224731e+02
5.3600000e+02	2.6959538e+06	3.0217950e+02
5.3700000e+02	2.6966978e+06	3.0211166e+02
5.3800000e+02	2.6974405e+06	3.0204380e+02
5.3900000e+02	2.6981821e+06	3.0197592e+02
5.4000000e+02	2.6989226e+06	3.0190801e+02
5.4100000e+02	2.6996619e+06	3.0184008e+02
5.4200000e+02	2.7004000e+06	3.0177213e+02
5.4300000e+02	2.7011370e+06	3.0170416e+02
5.4400000e+02	2.7018728e+06	3.0163616e+02
5.4500000e+02	2.7026074e+06	3.0156814e+02
5.4600000e+02	2.7033409e+06	3.0150010e+02
5.4700000e+02	2.7040732e+06	3.0143204e+02
5.4800000e+02	2.7048043e+06	3.0136395e+02
5.4900000e+02	2.7055343e+06	3.0129585e+02
5.5000000e+02	2.7062632e+06	3.0122772e+02
5.5100000e+02	2.7069908e+06	3.0115957e+02
5.5200000e+02	2.7077173e+06	3.0109140e+02
5.5300000e+02	2.7084427e+06	3.0102321e+02
5.5400000e+02	2.7091669e+06	3.0095500e+02
5.5500000e+02	2.7098899e+06	3.0088676e+02
5.5600000e+02	2.7106117e+06	3.0081851e+02
5.5700000e+02	2.7113324e+06	3.0075024e+02
5.5800000e+02	2.7120520e+06	3.0068195e+02
5.5900000e+02	2.7127703e+06	3.0061363e+02
5.6000000e+02	2.7134876e+06	3.0054530e+02
5.6100000e+02	2.7142036e+06	3.0047695e+02
5.6200000e+02	2.7149185e+06	3.0040858e+02
5.6300000e+02	2.7156322e+06	3.0034019e+02
5.6400000e+02	2.7163448e+06	3.0027178e+02
5.6500000e+02	2.7170562e+06	3.0020335e+02
5.6600000e+02	2.7177664e+06	3.0013490e+02
5.6700000e+02	2.7184755e+06	3.0006644e+02
5.6800000e+02	2.7191834e+06	2.9999795e+02
5.6900000e+02	2.7198902e+06	2.9992945e+02
5.7000000e+02	2.7205958e+06	2.9986093e+02
5.7100000e+02	2.7213002e+06	2.9979239e+02
5.7200000e+02	2.7220035e+06	2.9972384e+02
5.7300000e+02	2.7227056e+06	2.9965527e+02
5.7400000e+02	2.7234066e+06	2.9958668e+02
5.7500000e+02	2.7241064e+06	2.9951807e+02
5.7600000e+02	2.7248050e+06	2.9944945e+02
5.7700000e+02	2.7255025e+06	2.9938081e+02
5.7800000e+02	2.7261988e+06	2.9931215e+02
5.7900000e+02	2.7268939e+06	2.9924348e+02
5.8000000e+02	2.7275879e+06	2.9917479e+02
5.8100000e+02	2.7282807e+06	2.9910608e+02
5.8200000e+02	2.7289724e+06	2.9903736e+02
5.8300000e+02	2.7296629e+06	2.9896862e+02
5.8400000e+02	2.7303522e+06	2.9889987e+02
5.8500000e+02	2.7310404e+06	2.9883110e+02
5.8600000e+02	2.7317274e+06	2.9876232e+02
5.8700000e+02	2.7324132e+06	2.9869352e+02
5.8800000e+02	2.7330979e+06	2.9862471e+02
5.8900000e+02	2.7337815e+06	2.9855588e+02
5.9000000e+02	2.7344638e+06	2.9848704e+02
5.9100000e+02	2.7351450e+06	2.9841818e+02
5.9200000e+02	2.7358251e+06	2.9834931e+02
5.9300000e+02	2.7365039e+06	2.9828043e+02
5.9400000e+02	2.7371817e+06	2.9821153e+02
5.9500000e+02	2.7378582e+06	2.9814262e+02
5.9600000e+02	2.7385336e+06	2.9807369e+02
5.9700000e+02	2.7392079e+06	2.9800476e+02
5.9800000e+02	2.7398809e+06	2.9793580e+02
5.9900000e+02	2.7405528e+06	2.9786684e+02
6.0000000e+02	2.7412236e+06	2.9779786e+02
6.0100000e+02	2.7418932e+06	2.9772887e+02
6.0200000e+02	2.7425616e+06	2.9765987e+02
6.0300000e+02	2.7432289e+06	2.9759086e+02
6.0400000e+02	2.7438950e+06	2.9752183e+02
6.0500000e+02	2.7445599e+06	2.9745279e+02
6.0600000e+02	2.7452237e+06	2.9738374e+02
6.0700000e+02	2.7458863e+06	2.9731468e+02
6.0800000e+02	2.7465478e+06	2.9724561e+02
6.0900000e+02	2.7472081e+06	2.9717652e+02
6.1000000e+02	2.7478672e+06	2.9710743e+02
6.1100000e+02	2.7485252e+06	2.9703832e+02
6.1200000e+02	2.7491820e+06	2.9696920e+02
6.1300000e+02	2.7498376e+06	2.9690008e+02
6.1400000e+02	2.7504921e+06	2.9683094e+02
6.1500000e+02	2.7511455e+06	2.9676179e+02
6.1600000e+02	2.7517976e+06	2.9669263e+02
6.1700000e+02	2.7524486e+06	2.9662347e+02
6.1800000e+02	2.7530985e+06	2.9655429e+02
6.1900000e+02	2.7537471e+06	2.9648510e+02
6.2000000e+02	2.7543947e+06	2.9641591e+02
6.2100000e+02	2.7550410e+06	2.9634670e+02
6.2200000e+02	2.7556862e+06	2.9627749e+02
6.2300000e+02	2.7563303e+06	2.9620827e+02
6.2400000e+02	2.7569731e+06	2.9613903e+02
6.2500000e+02	2.7576148e+06	2.9606979e+02
6.2600000e+02	2.7582554e+06	2.9600055e+02
6.2700000e+02	2.7588948e+06	2.9593129e+02
6.2800000e+02	2.7595330e+06	2.9586203e+02
6.2900000e+02	2.7601701e+06	2.9579276e+02
6.3000000e+02	2.7608060e+06	2.9572348e+02
6.3100000e+02	2.7614407e+06	2.9565419e+02
6.3200000e+02	2.7620743e+06	2.9558490e+02
6.3300000e+02	2.7627067e+06	2.9551560e+02
6.3400000e+02	2.7633380e+06	2.9544629e+02
6.3500000e+02	2.7639681e+06	2.9537697e+02
6.3600000e+02	2.7645970e+06	2.9530765e+02
6.3700000e+02	2.7652248e+06	2.9523833e+02
6.3800000e+02	2.7658514e+06	2.9516899e+02
6.3900000e+02	2.7664768e+06	2.9509965e+02
6.4000000e+02	2.7671011e+06	2.9503031e+02
6.4100000e+02	2.7677242e+06	2.9496096e+02
6.4200000e+02	2.7683462e+06	2.9489160e+02
6.4300000e+02	2.7689670e+06	2.9482224e+02
6.4400000e+02	2.7695867e+06	2.9475287e+02
6.4500000e+02	2.7702051e+06	2.9468350e+02
6.4600000e+02	2.7708224e+06	2.9461413e+02
6.4700000e+02	2.7714386e+06	2.9454474e+02
6.4800000e+02	2.7720536e+06	2.9447536e+02
6.4900000e+02	2.7726674e+06	2.9440597e+02
6.5000000e+02	2.7732801e+06	2.9433658e+02
6.5100000e+02	2.7738916e+06	2.9426718e+02
6.5200000e+02	2.7745020e+06	2.9419778e+02
6.5300000e+02	2.7751112e+06	2.9412837e+02
6.5400000e+02	2.7757192e+06	2.9405896e+02
6.5500000e+02	2.7763260e+06	2.9398955e+02
6.5600000e+02	2.7769317e+06	2.9392014e+02
6.5700000e+02	2.7775363e+06	2.9385072e+02
6.5800000e+02	2.7781397e+06	2.9378130e+02
6.5900000e+02	2.7787419e+06	2.9371188e+02
6.6000000e+02	2.7793429e+06	2.9364245e+02
6.6100000e+02	2.7799428e+06	2.9357302e+02
6.6200000e+02	2.7805416e+06	2.9350359e+02
6.6300000e+02	2.7811391e+06	2.9343416e+02
6.6400000e+02	2.7817355e+06	2.9336473e+02
6.6500000e+02	2.7823308e+06	2.9329530e+02
6.6600000e+02	2.7829249e+06	2.9322586e+02
6.6700000e+02	2.7835178e+06	2.9315642e+02
6.6800000e+02	2.7841096e+06	2.9308699e+02
6.6900000e+02	2.7847002e+06	2.9301755e+02
6.7000000e+02	2.7852896e+06	2.9294811e+02
6.7100000e+02	2.7858779e+06	2.9287867e+02
6.7200000e+02	2.7864650e+06	2.9280923e+02
6.7300000e+02	2.7870510e+06	2.9273979e+02
6.7400000e+02	2.7876358e+06	2.9267035e+02
6.7500000e+02	2.7882194e+06	2.9260091e+02
6.7600000e+02	2.7888019e+06	2.9253147e+02
6.7700000e+02	2.7893832e+06	2.9246203e+02
6.7800000e+02	2.7899633e+06	2.9239259e+02
6.7900000e+02	2.7905423e+06	2.9232316e+02
6.8000000e+02	2.7911201e+06	2.9225372e+02
6.8100000e+02	2.7916968e+06	2.9218429e+02
6.8200000e+02	2.7922723e+06	2.9211485e+02
6.8300000e+02	2.7928466e+06	2.9204542e+02
6.8400000e+02	2.7934198e+06	2.9197599e+02
6.8500000e+02	2.7939918e+06	2.9190656e+02
6.8600000e+02	2.7945627e+06	2.9183714e+02
6.8700000e+02	2.7951324e+06	2.9176771e+02
6.8800000e+02	2.7957009e+06	2.9169829e+02
6.8900000e+02	2.7962683e+06	2.9162888e+02
6.9000000e+02	2.7968345e+06	2.9155946e+02
6.9100000e+02	2.7973995e+06	2.9149005e+02
6.9200000e+02	2.7979634e+06	2.9142064e+02
6.9300000e+02	2.7985261e+06	2.9135123e+02
6.9400000e+02	2.7990877e+06	2.9128183e+02
6.9500000e+02	2.7996481e+06	2.9121243e+02
6.9600000e+02	2.8002073e+06	2.9114304e+02
6.9700000e+02	2.8007654e+06	2.9107365e+02
6.9800000e+02	2.8013223e+06	2.9100426e+02
6.9900000e+02	2.8018781e+06	2.9093488e+02
7.0000000e+02	2.8024327e+06	2.9086550e+02
7.0100000e+02	2.8029861e+06	2.9079613e+02
7.0200000e+02	2.8035384e+06	2.9072676e+02
7.0300000e+02	2.8040895e+06	2.9065740e+02
7.0400000e+02	2.8046394e+06	2.9058804e+02
7.0500000e+02	2.8051882e+06	2.9051869e+02
7.0600000e+02	2.8057359e+06	2.9044934e+02
7.0700000e+02	2.8062823e+06	2.9038000e+02
7.0800000e+02	2.8068276e+06	2.9031067e+02
7.0900000e+02	2.8073718e+06	2.9024134e+02
7.1000000e+02	2.8079147e+06	2.9017202e+02
7.1100000e+02	2.8084566e+06	2.9010270e+02
7.1200000e+02	2.8089972e+06	2.9003339e+02
7.1300000e+02	2.8095367e+06	2.8996409e+02
7.1400000e+02	2.8100750e+06	2.8989479e+02
7.1500000e+02	2.8106122e+06	2.8982551e+02
7.1600000e+02	2.8111482e+06	2.8975623e+02
7.1700000e+02	2.8116831e+06	2.8968695e+02
7.1800000e+02	2.8122167e+06	2.8961769e+02
7.1900000e+02	2.8127493e+06	2.8954843e+02
7.2000000e+02	2.8132806e+06	2.8947918e+02
7.2100000e+02	2.8138108e+06	2.8940994e+02
7.2200000e+02	2.8143399e+06	2.8934070e+02
7.2300000e+02	2.8148677e+06	2.8927148e+02
7.2400000e+02	2.8153945e+06	2.8920226e+02
7.2500000e+02	2.8159200e+06	2.8913306e+02
7.2600000e+02	2.8164444e+06	2.8906386e+02
7.2700000e+02	2.8169676e+06	2.8899467e+02
7.2800000e+02	2.8174897e+06	2.8892549e+02
7.2900000e+02	2.8180106e+06	2.8885632e+02
7.3000000e+02	2.8185304e+06	2.8878716e+02
7.3100000e+02	2.8190489e+06	2.8871801e+02
7.3200000e+02	2.8195664e+06	2.8864887e+02
7.3300000e+02	2.8200826e+06	2.8857974e+02
7.3400000e+02	2.8205977e+06	2.8851062e+02
7.3500000e+02	2.8211117e+06	2.8844152e+02
7.3600000e+02	2.8216244e+06	2.8837242e+02
7.3700000e+02	2.8221361e+06	2.8830333e+02
7.3800000e+02	2.8226465e+06	2.8823426e+02
7.3900000e+02	2.8231558e+06	2.8816519e+02
7.4000000e+02	2.8236639e+06	2.8809614e+02
7.4100000e+02	2.8241709e+06	2.8802710e+02
7.4200000e+02	2.8246767e+06	2.8795807e+02
7.4300000e+02	2.8251814e+06	2.8788905e+02
7.4400000e+02	2.8256848e+06	2.8782005e+02
7.4500000e+02	2.8261872e+06	2.8775105e+02
7.4600000e+02	2.8266883e+06	2.8768207e+02
7.4700000e+02	2.8271883e+06	2.8761311e+02
7.4800000e+02	2.8276872e+06	2.8754415e+02
7.4900000e+02	2.8281848e+06	2.8747521e+02
7.5000000e+02	2.8286813e+06	2.8740628e+02
7.5100000e+02	2.8291767e+06	2.8733737e+02
7.5200000e+02	2.8296709e+06	2.8726847e+02
7.5300000e+02	2.8301639e+06	2.8719958e+02
7.5400000e+02	2.8306558e+06	2.8713070e+02
7.5500000e+02	2.8311465e+06	2.8706184e+02
7.5600000e+02	2.8316360e+06	2.8699300e+02
7.5700000e+02	2.8321244e+06	2.8692417e+02
7.5800000e+02	2.8326116e+06	2.8685535e+02
7.5900000e+02	2.8330977e+06	2.8678655e+02
7.6000000e+02	2.8335826e+06	2.8671776e+02
7.6100000e+02	2.8340663e+06	2.8664899e+02
7.6200000e+02	2.8345489e+06	2.8658024e+02
7.6300000e+02	2.8350303e+06	2.8651150e+02
7.6400000e+02	2.8355106e+06	2.8644277e+02
7.6500000e+02	2.8359897e+06	2.8637406e+02
7.6600000e+02	2.8364676e+06	2.8630537e+02
7.6700000e+02	2.8369444e+06	2.8623669e+02
7.6800000e+02	2.8374200e+06	2.8616803e+02
7.6900000e+02	2.8378944e+06	2.8609939e+02
7.7000000e+02	2.8383677e+06	2.8603076e+02
7.7100000e+02	2.8388398e+06	2.8596215e+02
7.7200000e+02	2.8393108e+06	2.8589356e+02
7.7300000e+02	2.8397806e+06	2.8582498e+02
7.7400000e+02	2.8402492e+06	2.8575642e+02
7.7500000e+02	2.8407167e+06	2.8568788e+02
7.7600000e+02	2.8411830e+06	2.8561936e+02
7.7700000e+02	2.8416482e+06	2.8555085e+02
7.7800000e+02	2.8421122e+06	2.8548236e+02
7.7900000e+02	2.8425750e+06	2.8541389e+02
7.8000000e+02	2.8430367e+06	2.8534544e+02
7.8100000e+02	2.8434972e+06	2.8527701e+02
7.8200000e+02	2.8439565e+06	2.8520860e+02
7.8300000e+02	2.8444147e+06	2.8514020e+02
7.8400000e+02	2.8448717e+06	2.8507183e+02
7.8500000e+02	2.8453276e+06	2.8500347e+02
7.8600000e+02	2.8457823e+06	2.8493513e+02
7.8700000e+02	2.8462358e+06	2.8486682e+02
7.8800000e+02	2.8466882e+06	2.8479852e+02
7.8900000e+02	2.8471394e+06	2.8473024e+02
7.9000000e+02	2.8475894e+06	2.8466198e+02
7.9100000e+02	2.8480383e+06	2.8459375e+02
7.9200000e+02	2.8484861e+06	2.8452553e+02
7.9300000e+02	2.8489326e+06	2.8445733e+02
7.9400000e+02	2.8493780e+06	2.8438916e+02
7.9500000e+02	2.8498223e+06	2.8432101e+02
7.9600000e+02	2.8502654e+06	2.8425287e+02
7.9700000e+02	2.8507073e+06	2.8418476e+02
7.9800000e+02	2.8511480e+06	2.8411667e+02
7.9900000e+02	2.8515876e+06	2.8404860e+02
8.0000000e+02	2.8520261e+06	2.8398056e+02
