---
source: "Converted from Material_new/ xlsx data (Cp only)"
notes: "Only rho_cp data; Sz/Sr set to zero"
---

T (K)	rho_cp (J/m^3K)	Sz (W/mK)	Sr (W/mK)
1.5173670e+01	1.4560000e+04	2.5393825e+01	1.6906771e+03
1.8478480e+01	2.0180000e+04	2.5058868e+01	1.7464336e+03
2.2506210e+01	2.2980000e+04	2.4650640e+01	1.8143867e+03
2.5036450e+01	2.8600000e+04	2.4394190e+01	1.8570752e+03
2.9787110e+01	3.7020000e+04	2.3912690e+01	1.9372251e+03
3.6706550e+01	5.1450000e+04	2.3211375e+01	2.0539652e+03
4.4039090e+01	7.9920000e+04	2.2468190e+01	2.1776748e+03
4.6930800e+01	8.5530000e+04	2.2175103e+01	2.2264618e+03
5.0235610e+01	9.3950000e+04	2.1840146e+01	2.2822183e+03
5.6070660e+01	1.1640000e+05	2.1248738e+01	2.3806633e+03
6.2990100e+01	1.3926000e+05	2.0547423e+01	2.4974033e+03
6.5571980e+01	1.5329000e+05	2.0285739e+01	2.5409631e+03
6.9599710e+01	1.7334000e+05	1.9877511e+01	2.6089162e+03
7.3575810e+01	1.9298000e+05	1.9474516e+01	2.6759982e+03
7.7603540e+01	2.1022000e+05	1.9066288e+01	2.7439514e+03
8.0908350e+01	2.2426000e+05	1.8731331e+01	2.7997079e+03
8.4522980e+01	2.3869000e+05	1.8364973e+01	2.8606914e+03
8.7466320e+01	2.5553000e+05	1.8066653e+01	2.9103495e+03
9.0771130e+01	2.6956000e+05	1.7731696e+01	2.9661060e+03
9.4024300e+01	2.8680000e+05	1.7401973e+01	3.0209913e+03
9.7690570e+01	3.0645000e+05	1.7030381e+01	3.0828461e+03
1.0244123e+02	3.2930000e+05	1.6548881e+01	3.1629960e+03
1.0610750e+02	3.5175000e+05	1.6180625e+01	3.2210101e+03
1.0827628e+02	3.6058000e+05	1.5967654e+01	3.2497198e+03
1.1044506e+02	3.7461000e+05	1.5755745e+01	3.2773066e+03
1.1483425e+02	3.9425000e+05	1.5338275e+01	3.3210831e+03
1.1850052e+02	4.1991000e+05	1.4999669e+01	3.3478460e+03
1.2252826e+02	4.4277000e+05	1.4635585e+01	3.3701312e+03
1.2614289e+02	4.6522000e+05	1.4315907e+01	3.3840461e+03
1.3161648e+02	4.9649000e+05	1.3847403e+01	3.3927283e+03
1.3600567e+02	5.2777000e+05	1.3482893e+01	3.3915295e+03
1.4111780e+02	5.5904000e+05	1.3072202e+01	3.3809007e+03
1.4586846e+02	5.8991000e+05	1.2702591e+01	3.3637207e+03
1.4953473e+02	6.1838000e+05	1.2426100e+01	3.3456157e+03
1.5283953e+02	6.3562000e+05	1.2182829e+01	3.3263273e+03
1.5573124e+02	6.5527000e+05	1.1972569e+01	3.3081746e+03
1.5867458e+02	6.7531000e+05	1.1765425e+01	3.2866182e+03
1.6192775e+02	6.9496000e+05	1.1539684e+01	3.2615128e+03
1.6523256e+02	7.2062000e+05	1.1315123e+01	3.2341084e+03
1.7034468e+02	7.4869000e+05	1.0978840e+01	3.1877900e+03
1.7401095e+02	7.7435000e+05	1.0745993e+01	3.1519404e+03
1.7834851e+02	8.0562000e+05	1.0477312e+01	3.1076342e+03
1.8237624e+02	8.3128000e+05	1.0234883e+01	3.0646934e+03
1.8640398e+02	8.5373000e+05	9.9989793e+00	3.0202523e+03
1.9007025e+02	8.9343000e+05	9.7909830e+00	2.9784463e+03
1.9590530e+02	9.1909000e+05	9.4702743e+00	2.9101722e+03
1.9807408e+02	9.3873000e+05	9.3559677e+00	2.8841027e+03
2.0101742e+02	9.6439000e+05	9.2009999e+00	2.8487009e+03
2.0576808e+02	9.9005000e+05	8.9601351e+00	2.7905526e+03
2.0938271e+02	1.0125100e+06	8.7831748e+00	2.7457943e+03
2.1196459e+02	1.0381700e+06	8.6587447e+00	2.7137031e+03
2.1779964e+02	1.0750500e+06	8.3876664e+00	2.6406770e+03
2.2399615e+02	1.1147500e+06	8.1126076e+00	2.5628238e+03
2.2802389e+02	1.1428100e+06	7.9406381e+00	2.5122173e+03
2.3241308e+02	1.1768900e+06	7.7591928e+00	2.4571763e+03
2.3566625e+02	1.1941300e+06	7.6286905e+00	2.4165081e+03
2.3897106e+02	1.2193900e+06	7.5002422e+00	2.3754056e+03
2.4263733e+02	1.2422500e+06	7.3608434e+00	2.3300000e+03
2.4552904e+02	1.2679100e+06	7.2538476e+00	2.2943915e+03
2.4774945e+02	1.2819400e+06	7.1735968e+00	2.2672145e+03
2.5213865e+02	1.3104100e+06	7.0185989e+00	2.2138216e+03
2.5575328e+02	1.3356700e+06	6.8954008e+00	2.1703077e+03
2.5833516e+02	1.3613300e+06	6.8098568e+00	2.1395169e+03
2.6344729e+02	1.3897900e+06	6.6451652e+00	2.0791421e+03
2.6742338e+02	1.4238700e+06	6.5214723e+00	2.0327842e+03
2.7145112e+02	1.4407100e+06	6.4003937e+00	1.9864474e+03
2.7367153e+02	1.4607600e+06	6.3360868e+00	1.9612960e+03
2.7764763e+02	1.4860200e+06	6.2225876e+00	1.9165380e+03
2.8095244e+02	1.5088700e+06	6.1313512e+00	1.8798774e+03
2.8461871e+02	1.5341300e+06	6.0333869e+00	1.8398151e+03
2.8751041e+02	1.5569800e+06	5.9576297e+00	1.8085080e+03
2.9009229e+02	1.5738200e+06	5.8922353e+00	1.7810029e+03
2.9189961e+02	1.5882600e+06	5.8464592e+00	1.7617493e+03
2.9520442e+02	1.5966800e+06	5.7662903e+00	1.7272901e+03
2.9809612e+02	1.6251400e+06	5.6973268e+00	1.6974022e+03
3.0212385e+02	1.6532100e+06	5.6039176e+00	1.6563638e+03
3.0464986e+02	1.7029700e+06	5.5477822e+00	1.6312002e+03
3.1836056e+02	1.7930900e+06	5.2606248e+00	1.4990119e+03
3.3664149e+02	1.8960800e+06	4.9275582e+00	1.3363491e+03
3.5492242e+02	1.9990700e+06	4.6436752e+00	1.1889437e+03
3.8291509e+02	2.1406800e+06	4.2850875e+00	9.9070808e+02
3.9205555e+02	2.2179300e+06	4.1846545e+00	9.3286807e+02
4.1490672e+02	2.3337900e+06	3.9608634e+00	8.0154115e+02
4.3775788e+02	2.4239100e+06	3.7674556e+00	6.8762686e+02
4.6060904e+02	2.5397800e+06	3.5949712e+00	5.8930144e+02
4.8803043e+02	2.6427700e+06	3.4041335e+00	4.8903022e+02
5.0631136e+02	2.7457600e+06	3.2817150e+00	4.3164326e+02
5.3830299e+02	2.8616300e+06	3.0688603e+00	3.4658789e+02
5.7029461e+02	2.9774900e+06	2.8519301e+00	2.7805796e+02
5.9771601e+02	3.0933600e+06	2.6617066e+00	2.3012275e+02
6.3427786e+02	3.1963500e+06	2.4064360e+00	1.7188997e+02
6.7083972e+02	3.2993400e+06	2.1511654e+00	1.1365718e+02
7.2568251e+02	3.4280800e+06	1.7682594e+00	2.6308001e+01
7.6224437e+02	3.5310800e+06	1.5129888e+00	0.0000000e+00
8.3536808e+02	3.6726900e+06	1.0024476e+00	0.0000000e+00
8.9935134e+02	3.8030400e+06	5.5572397e-01	0.0000000e+00
9.4962389e+02	3.8802800e+06	2.0472691e-01	0.0000000e+00
1.0090369e+03	3.9704000e+06	0.0000000e+00	0.0000000e+00
1.0730202e+03	4.0476500e+06	0.0000000e+00	0.0000000e+00
