---
source: "Nickel Data source: thermophysical properties of matter vol.4 curve 10 plus curve1"
author: "Jia"
---

T (K)	rho_cp (J/m³K)	S (W/mK)
6.0000000e+01	9.2038064e+05	2.2826363e+02
6.1000000e+01	9.5138326e+05	2.2611729e+02
6.2000000e+01	9.8238588e+05	2.2400265e+02
6.3000000e+01	1.0140165e+06	2.2191939e+02
6.4000000e+01	1.0457328e+06	2.1986719e+02
6.5000000e+01	1.0774491e+06	2.1784573e+02
6.6000000e+01	1.1091654e+06	2.1585468e+02
6.7000000e+01	1.1408817e+06	2.1389374e+02
6.8000000e+01	1.1725979e+06	2.1196258e+02
6.9000000e+01	1.2043142e+06	2.1006088e+02
7.0000000e+01	1.2359253e+06	2.0818832e+02
7.1000000e+01	1.2672370e+06	2.0634459e+02
7.2000000e+01	1.2985487e+06	2.0452935e+02
7.3000000e+01	1.3298605e+06	2.0274231e+02
7.4000000e+01	1.3611722e+06	2.0098312e+02
7.5000000e+01	1.3924839e+06	1.9925149e+02
7.6000000e+01	1.4236799e+06	1.9754707e+02
7.7000000e+01	1.4537058e+06	1.9586957e+02
7.8000000e+01	1.4837317e+06	1.9421865e+02
7.9000000e+01	1.5137577e+06	1.9259399e+02
8.0000000e+01	1.5437836e+06	1.9099529e+02
8.1000000e+01	1.5738096e+06	1.8942221e+02
8.2000000e+01	1.6038355e+06	1.8787445e+02
8.3000000e+01	1.6313589e+06	1.8635167e+02
8.4000000e+01	1.6581765e+06	1.8485356e+02
8.5000000e+01	1.6849941e+06	1.8337980e+02
8.6000000e+01	1.7118117e+06	1.8193008e+02
8.7000000e+01	1.7386293e+06	1.8050406e+02
8.8000000e+01	1.7654469e+06	1.7910144e+02
8.9000000e+01	1.7917150e+06	1.7772189e+02
9.0000000e+01	1.8173877e+06	1.7636510e+02
9.1000000e+01	1.8430605e+06	1.7503074e+02
9.2000000e+01	1.8687332e+06	1.7371849e+02
9.3000000e+01	1.8944059e+06	1.7242804e+02
9.4000000e+01	1.9200787e+06	1.7115906e+02
9.5000000e+01	1.9457514e+06	1.6991124e+02
9.6000000e+01	1.9704089e+06	1.6868426e+02
9.7000000e+01	1.9949146e+06	1.6747779e+02
9.8000000e+01	2.0194203e+06	1.6629152e+02
9.9000000e+01	2.0439260e+06	1.6512513e+02
1.0000000e+02	2.0684318e+06	1.6397830e+02
1.0100000e+02	2.0929375e+06	1.6285071e+02
1.0200000e+02	2.1174432e+06	1.6174204e+02
1.0300000e+02	2.1400498e+06	1.6065197e+02
1.0400000e+02	2.1625133e+06	1.5958018e+02
1.0500000e+02	2.1849769e+06	1.5852635e+02
1.0600000e+02	2.2074405e+06	1.5749016e+02
1.0700000e+02	2.2299041e+06	1.5647130e+02
1.0800000e+02	2.2523677e+06	1.5546944e+02
1.0900000e+02	2.2748313e+06	1.5448426e+02
1.1000000e+02	2.2939777e+06	1.5351545e+02
1.1100000e+02	2.3130906e+06	1.5256269e+02
1.1200000e+02	2.3322035e+06	1.5162569e+02
1.1300000e+02	2.3513164e+06	1.5070415e+02
1.1400000e+02	2.3704293e+06	1.4979781e+02
1.1500000e+02	2.3895422e+06	1.4890637e+02
1.1600000e+02	2.4086551e+06	1.4802955e+02
1.1700000e+02	2.4202403e+06	1.4716709e+02
1.1800000e+02	2.4295769e+06	1.4631874e+02
1.1900000e+02	2.4389135e+06	1.4548423e+02
1.2000000e+02	2.4482501e+06	1.4466330e+02
1.2100000e+02	2.4575868e+06	1.4385571e+02
1.2200000e+02	2.4669234e+06	1.4306120e+02
1.2300000e+02	2.4762600e+06	1.4227955e+02
1.2400000e+02	2.4909174e+06	1.4151050e+02
1.2500000e+02	2.5142560e+06	1.4075383e+02
1.2600000e+02	2.5375946e+06	1.4000929e+02
1.2700000e+02	2.5609332e+06	1.3927667e+02
1.2800000e+02	2.5842718e+06	1.3855575e+02
1.2900000e+02	2.6076104e+06	1.3784631e+02
1.3000000e+02	2.6309490e+06	1.3714815e+02
1.3100000e+02	2.6542876e+06	1.3646105e+02
1.3200000e+02	2.6757789e+06	1.3578481e+02
1.3300000e+02	2.6910859e+06	1.3511924e+02
1.3400000e+02	2.7063929e+06	1.3446414e+02
1.3500000e+02	2.7216999e+06	1.3381932e+02
1.3600000e+02	2.7370069e+06	1.3318459e+02
1.3700000e+02	2.7523139e+06	1.3255975e+02
1.3800000e+02	2.7676209e+06	1.3194463e+02
1.3900000e+02	2.7829279e+06	1.3133906e+02
1.4000000e+02	2.7976782e+06	1.3074285e+02
1.4100000e+02	2.8114388e+06	1.3015583e+02
1.4200000e+02	2.8251994e+06	1.2957783e+02
1.4300000e+02	2.8389600e+06	1.2900869e+02
1.4400000e+02	2.8527206e+06	1.2844825e+02
1.4500000e+02	2.8664812e+06	1.2789636e+02
1.4600000e+02	2.8802418e+06	1.2735284e+02
1.4700000e+02	2.8940024e+06	1.2681756e+02
1.4800000e+02	2.9072250e+06	1.2629035e+02
1.4900000e+02	2.9199094e+06	1.2577107e+02
1.5000000e+02	2.9325938e+06	1.2525956e+02
1.5100000e+02	2.9452782e+06	1.2475567e+02
1.5200000e+02	2.9579627e+06	1.2425927e+02
1.5300000e+02	2.9706471e+06	1.2377021e+02
1.5400000e+02	2.9833315e+06	1.2328838e+02
1.5500000e+02	2.9960159e+06	1.2281365e+02
1.5600000e+02	3.0075259e+06	1.2234587e+02
1.5700000e+02	3.0183159e+06	1.2188493e+02
1.5800000e+02	3.0291059e+06	1.2143071e+02
1.5900000e+02	3.0398960e+06	1.2098307e+02
1.6000000e+02	3.0506860e+06	1.2054190e+02
1.6100000e+02	3.0614760e+06	1.2010707e+02
1.6200000e+02	3.0722661e+06	1.1967847e+02
1.6300000e+02	3.0830561e+06	1.1925599e+02
1.6400000e+02	3.0936098e+06	1.1883951e+02
1.6500000e+02	3.1040471e+06	1.1842893e+02
1.6600000e+02	3.1144845e+06	1.1802414e+02
1.6700000e+02	3.1249218e+06	1.1762503e+02
1.6800000e+02	3.1353591e+06	1.1723151e+02
1.6900000e+02	3.1457964e+06	1.1684346e+02
1.7000000e+02	3.1562337e+06	1.1646079e+02
1.7100000e+02	3.1666710e+06	1.1608340e+02
1.7200000e+02	3.1765880e+06	1.1571119e+02
1.7300000e+02	3.1861994e+06	1.1534407e+02
1.7400000e+02	3.1958109e+06	1.1498194e+02
1.7500000e+02	3.2054223e+06	1.1462472e+02
1.7600000e+02	3.2150337e+06	1.1427231e+02
1.7700000e+02	3.2246451e+06	1.1392464e+02
1.7800000e+02	3.2342566e+06	1.1358160e+02
1.7900000e+02	3.2438680e+06	1.1324312e+02
1.8000000e+02	3.2528806e+06	1.1290911e+02
1.8100000e+02	3.2613404e+06	1.1257948e+02
1.8200000e+02	3.2698002e+06	1.1225416e+02
1.8300000e+02	3.2782600e+06	1.1193308e+02
1.8400000e+02	3.2867199e+06	1.1161615e+02
1.8500000e+02	3.2951797e+06	1.1130330e+02
1.8600000e+02	3.3036395e+06	1.1099447e+02
1.8700000e+02	3.3120993e+06	1.1068958e+02
1.8800000e+02	3.3203104e+06	1.1038856e+02
1.8900000e+02	3.3279930e+06	1.1009134e+02
1.9000000e+02	3.3356755e+06	1.0979784e+02
1.9100000e+02	3.3433580e+06	1.0950800e+02
1.9200000e+02	3.3510405e+06	1.0922175e+02
1.9300000e+02	3.3587231e+06	1.0893902e+02
1.9400000e+02	3.3664056e+06	1.0865975e+02
1.9500000e+02	3.3740881e+06	1.0838389e+02
1.9600000e+02	3.3817707e+06	1.0811135e+02
1.9700000e+02	3.3894088e+06	1.0784210e+02
1.9800000e+02	3.3970456e+06	1.0757606e+02
1.9900000e+02	3.4046824e+06	1.0731318e+02
2.0000000e+02	3.4123192e+06	1.0705340e+02
2.0100000e+02	3.4199560e+06	1.0679668e+02
2.0200000e+02	3.4275928e+06	1.0654294e+02
2.0300000e+02	3.4352296e+06	1.0629215e+02
2.0400000e+02	3.4428664e+06	1.0604424e+02
2.0500000e+02	3.4499634e+06	1.0579917e+02
2.0600000e+02	3.4566530e+06	1.0555689e+02
2.0700000e+02	3.4633427e+06	1.0531735e+02
2.0800000e+02	3.4700324e+06	1.0508050e+02
2.0900000e+02	3.4767220e+06	1.0484629e+02
2.1000000e+02	3.4834117e+06	1.0461467e+02
2.1100000e+02	3.4901014e+06	1.0438560e+02
2.1200000e+02	3.4967910e+06	1.0415901e+02
2.1300000e+02	3.5034324e+06	1.0393488e+02
2.1400000e+02	3.5089131e+06	1.0371315e+02
2.1500000e+02	3.5143939e+06	1.0349379e+02
2.1600000e+02	3.5198747e+06	1.0327676e+02
2.1700000e+02	3.5253555e+06	1.0306200e+02
2.1800000e+02	3.5308362e+06	1.0284949e+02
2.1900000e+02	3.5363170e+06	1.0263919e+02
2.2000000e+02	3.5417978e+06	1.0243104e+02
2.2100000e+02	3.5472785e+06	1.0222503e+02
2.2200000e+02	3.5526872e+06	1.0202110e+02
2.2300000e+02	3.5580604e+06	1.0181922e+02
2.2400000e+02	3.5634335e+06	1.0161936e+02
2.2500000e+02	3.5688067e+06	1.0142147e+02
2.2600000e+02	3.5741798e+06	1.0122554e+02
2.2700000e+02	3.5795530e+06	1.0103151e+02
2.2800000e+02	3.5849261e+06	1.0083935e+02
2.2900000e+02	3.5902993e+06	1.0064904e+02
2.3000000e+02	3.5956102e+06	1.0046054e+02
2.3100000e+02	3.6008317e+06	1.0027381e+02
2.3200000e+02	3.6060531e+06	1.0008882e+02
2.3300000e+02	3.6112746e+06	9.9905537e+01
2.3400000e+02	3.6164960e+06	9.9723942e+01
2.3500000e+02	3.6217174e+06	9.9544004e+01
2.3600000e+02	3.6269389e+06	9.9365695e+01
2.3700000e+02	3.6321603e+06	9.9188987e+01
2.3800000e+02	3.6373818e+06	9.9013854e+01
2.3900000e+02	3.6441798e+06	9.8840267e+01
2.4000000e+02	3.6500986e+06	9.8668198e+01
2.4100000e+02	3.6560173e+06	9.8497618e+01
2.4200000e+02	3.6619360e+06	9.8328499e+01
2.4300000e+02	3.6678547e+06	9.8160816e+01
2.4400000e+02	3.6737734e+06	9.7994546e+01
2.4500000e+02	3.6796921e+06	9.7829665e+01
2.4600000e+02	3.6856108e+06	9.7666150e+01
2.4700000e+02	3.6915295e+06	9.7503979e+01
2.4800000e+02	3.6988534e+06	9.7343128e+01
2.4900000e+02	3.7040842e+06	9.7183573e+01
2.5000000e+02	3.7093150e+06	9.7025292e+01
2.5100000e+02	3.7145458e+06	9.6868262e+01
2.5200000e+02	3.7197766e+06	9.6712458e+01
2.5300000e+02	3.7250074e+06	9.6557861e+01
2.5400000e+02	3.7302382e+06	9.6404449e+01
2.5500000e+02	3.7354690e+06	9.6252204e+01
2.5600000e+02	3.7406998e+06	9.6101106e+01
2.5700000e+02	3.7458821e+06	9.5951135e+01
2.5800000e+02	3.7509335e+06	9.5802273e+01
2.5900000e+02	3.7559849e+06	9.5654500e+01
2.6000000e+02	3.7610362e+06	9.5507799e+01
2.6100000e+02	3.7660876e+06	9.5362152e+01
2.6200000e+02	3.7711390e+06	9.5217539e+01
2.6300000e+02	3.7761904e+06	9.5073943e+01
2.6400000e+02	3.7812417e+06	9.4931347e+01
2.6500000e+02	3.7862931e+06	9.4789735e+01
2.6600000e+02	3.7912636e+06	9.4649090e+01
2.6700000e+02	3.7961178e+06	9.4509394e+01
2.6800000e+02	3.8009719e+06	9.4370632e+01
2.6900000e+02	3.8058261e+06	9.4232789e+01
2.7000000e+02	3.8106802e+06	9.4095849e+01
2.7100000e+02	3.8155343e+06	9.3959797e+01
2.7200000e+02	3.8203885e+06	9.3824619e+01
2.7300000e+02	3.8252426e+06	9.3690300e+01
2.7400000e+02	3.8300968e+06	9.3556826e+01
2.7500000e+02	3.8349209e+06	9.3424183e+01
2.7600000e+02	3.8396172e+06	9.3292357e+01
2.7700000e+02	3.8443134e+06	9.3161334e+01
2.7800000e+02	3.8490096e+06	9.3031102e+01
2.7900000e+02	3.8537059e+06	9.2901647e+01
2.8000000e+02	3.8584021e+06	9.2772957e+01
2.8100000e+02	3.8630984e+06	9.2645019e+01
2.8200000e+02	3.8677946e+06	9.2517820e+01
2.8300000e+02	3.8724909e+06	9.2391347e+01
2.8400000e+02	3.8771871e+06	9.2265590e+01
2.8500000e+02	3.8828651e+06	9.2140538e+01
2.8600000e+02	3.8890489e+06	9.2016178e+01
2.8700000e+02	3.8952327e+06	9.1892500e+01
2.8800000e+02	3.9014165e+06	9.1769492e+01
2.8900000e+02	3.9076003e+06	9.1647144e+01
2.9000000e+02	3.9137841e+06	9.1525445e+01
2.9100000e+02	3.9199679e+06	9.1404384e+01
2.9200000e+02	3.9261517e+06	9.1283952e+01
2.9300000e+02	3.9323355e+06	9.1164138e+01
2.9400000e+02	3.9385280e+06	9.1044931e+01
2.9500000e+02	3.9455806e+06	9.0926324e+01
2.9600000e+02	3.9526332e+06	9.0808307e+01
2.9700000e+02	3.9596859e+06	9.0690870e+01
2.9800000e+02	3.9667385e+06	9.0574005e+01
2.9900000e+02	3.9737911e+06	9.0457702e+01
3.0000000e+02	3.9808438e+06	9.0341953e+01
3.0100000e+02	3.9878964e+06	9.0226749e+01
3.0200000e+02	3.9949490e+06	9.0112081e+01
3.0300000e+02	4.0018976e+06	8.9997939e+01
3.0400000e+02	4.0037439e+06	8.9884317e+01
3.0500000e+02	4.0055902e+06	8.9771206e+01
3.0600000e+02	4.0074366e+06	8.9658599e+01
3.0700000e+02	4.0092829e+06	8.9546488e+01
3.0800000e+02	4.0111292e+06	8.9434865e+01
3.0900000e+02	4.0129756e+06	8.9323722e+01
3.1000000e+02	4.0148219e+06	8.9213054e+01
3.1100000e+02	4.0166682e+06	8.9102852e+01
3.1200000e+02	4.0185146e+06	8.8993110e+01
3.1300000e+02	4.0203609e+06	8.8883820e+01
3.1400000e+02	4.0222073e+06	8.8774976e+01
3.1500000e+02	4.0240536e+06	8.8666571e+01
3.1600000e+02	4.0258999e+06	8.8558599e+01
3.1700000e+02	4.0277463e+06	8.8451053e+01
3.1800000e+02	4.0295926e+06	8.8343927e+01
3.1900000e+02	4.0314389e+06	8.8237214e+01
3.2000000e+02	4.0332853e+06	8.8130909e+01
3.2100000e+02	4.0351316e+06	8.8025007e+01
3.2200000e+02	4.0369779e+06	8.7919500e+01
3.2300000e+02	4.0388243e+06	8.7814385e+01
3.2400000e+02	4.0406706e+06	8.7709654e+01
3.2500000e+02	4.0425170e+06	8.7605302e+01
3.2600000e+02	4.0448371e+06	8.7501323e+01
3.2700000e+02	4.0472757e+06	8.7397712e+01
3.2800000e+02	4.0497143e+06	8.7294462e+01
3.2900000e+02	4.0521528e+06	8.7191569e+01
3.3000000e+02	4.0545914e+06	8.7089028e+01
3.3100000e+02	4.0570300e+06	8.6986835e+01
3.3200000e+02	4.0594686e+06	8.6884985e+01
3.3300000e+02	4.0619072e+06	8.6783474e+01
3.3400000e+02	4.0643458e+06	8.6682297e+01
3.3500000e+02	4.0667844e+06	8.6581450e+01
3.3600000e+02	4.0692229e+06	8.6480927e+01
3.3700000e+02	4.0716615e+06	8.6380724e+01
3.3800000e+02	4.0741001e+06	8.6280837e+01
3.3900000e+02	4.0765387e+06	8.6181261e+01
3.4000000e+02	4.0789773e+06	8.6081992e+01
3.4100000e+02	4.0814159e+06	8.5983025e+01
3.4200000e+02	4.0838544e+06	8.5884356e+01
3.4300000e+02	4.0862930e+06	8.5785981e+01
3.4400000e+02	4.0887316e+06	8.5687896e+01
3.4500000e+02	4.0911702e+06	8.5590098e+01
3.4600000e+02	4.0936088e+06	8.5492584e+01
3.4700000e+02	4.0960474e+06	8.5395350e+01
3.4800000e+02	4.0984859e+06	8.5298393e+01
3.4900000e+02	4.1009245e+06	8.5201710e+01
3.5000000e+02	4.1033631e+06	8.5105296e+01
3.5100000e+02	4.1058017e+06	8.5009149e+01
3.5200000e+02	4.1076818e+06	8.4913264e+01
3.5300000e+02	4.1094223e+06	8.4817638e+01
3.5400000e+02	4.1111628e+06	8.4722268e+01
3.5500000e+02	4.1129032e+06	8.4627149e+01
3.5600000e+02	4.1146437e+06	8.4532279e+01
3.5700000e+02	4.1163842e+06	8.4437654e+01
3.5800000e+02	4.1181247e+06	8.4343273e+01
3.5900000e+02	4.1198652e+06	8.4249130e+01
3.6000000e+02	4.1216056e+06	8.4155225e+01
3.6100000e+02	4.1233461e+06	8.4061554e+01
3.6200000e+02	4.1250866e+06	8.3968114e+01
3.6300000e+02	4.1268271e+06	8.3874904e+01
3.6400000e+02	4.1285676e+06	8.3781920e+01
3.6500000e+02	4.1303080e+06	8.3689159e+01
3.6600000e+02	4.1320485e+06	8.3596620e+01
3.6700000e+02	4.1345905e+06	8.3504300e+01
3.6800000e+02	4.1373329e+06	8.3412195e+01
3.6900000e+02	4.1400752e+06	8.3320304e+01
3.7000000e+02	4.1428176e+06	8.3228625e+01
3.7100000e+02	4.1455599e+06	8.3137154e+01
3.7200000e+02	4.1483023e+06	8.3045889e+01
3.7300000e+02	4.1510446e+06	8.2954828e+01
3.7400000e+02	4.1537870e+06	8.2863968e+01
3.7500000e+02	4.1565293e+06	8.2773308e+01
3.7600000e+02	4.1592717e+06	8.2682845e+01
3.7700000e+02	4.1620140e+06	8.2592577e+01
3.7800000e+02	4.1647564e+06	8.2502502e+01
3.7900000e+02	4.1674987e+06	8.2412617e+01
3.8000000e+02	4.1706821e+06	8.2322921e+01
3.8100000e+02	4.1756295e+06	8.2233413e+01
3.8200000e+02	4.1805770e+06	8.2144088e+01
3.8300000e+02	4.1855244e+06	8.2054947e+01
3.8400000e+02	4.1904718e+06	8.1965987e+01
3.8500000e+02	4.1954192e+06	8.1877207e+01
3.8600000e+02	4.2003667e+06	8.1788604e+01
3.8700000e+02	4.2053141e+06	8.1700176e+01
3.8800000e+02	4.2102615e+06	8.1611923e+01
3.8900000e+02	4.2152090e+06	8.1523842e+01
3.9000000e+02	4.2195094e+06	8.1435931e+01
3.9100000e+02	4.2228394e+06	8.1348189e+01
3.9200000e+02	4.2261694e+06	8.1260615e+01
3.9300000e+02	4.2294994e+06	8.1173206e+01
3.9400000e+02	4.2328294e+06	8.1085961e+01
3.9500000e+02	4.2361594e+06	8.0998878e+01
3.9600000e+02	4.2394894e+06	8.0911957e+01
3.9700000e+02	4.2428194e+06	8.0825195e+01
3.9800000e+02	4.2461494e+06	8.0738592e+01
3.9900000e+02	4.2494794e+06	8.0652146e+01
4.0000000e+02	4.2528094e+06	8.0565855e+01
4.0100000e+02	4.2561394e+06	8.0479718e+01
4.0200000e+02	4.2594694e+06	8.0393733e+01
4.0300000e+02	4.2627994e+06	8.0307898e+01
4.0400000e+02	4.2661294e+06	8.0222213e+01
4.0500000e+02	4.2694594e+06	8.0136675e+01
4.0600000e+02	4.2727894e+06	8.0051284e+01
4.0700000e+02	4.2765276e+06	7.9966039e+01
4.0800000e+02	4.2805379e+06	7.9880940e+01
4.0900000e+02	4.2845483e+06	7.9795985e+01
4.1000000e+02	4.2885586e+06	7.9711173e+01
4.1100000e+02	4.2925689e+06	7.9626503e+01
4.1200000e+02	4.2965792e+06	7.9541972e+01
4.1300000e+02	4.3005895e+06	7.9457580e+01
4.1400000e+02	4.3045999e+06	7.9373326e+01
4.1500000e+02	4.3086102e+06	7.9289207e+01
4.1600000e+02	4.3126205e+06	7.9205223e+01
4.1700000e+02	4.3166308e+06	7.9121372e+01
4.1800000e+02	4.3206412e+06	7.9037656e+01
4.1900000e+02	4.3246515e+06	7.8954071e+01
4.2000000e+02	4.3286618e+06	7.8870617e+01
4.2100000e+02	4.3326721e+06	7.8787294e+01
4.2200000e+02	4.3366824e+06	7.8704101e+01
4.2300000e+02	4.3406928e+06	7.8621037e+01
4.2400000e+02	4.3447031e+06	7.8538102e+01
4.2500000e+02	4.3487134e+06	7.8455293e+01
4.2600000e+02	4.3537534e+06	7.8372611e+01
4.2700000e+02	4.3587934e+06	7.8290053e+01
4.2800000e+02	4.3638334e+06	7.8207620e+01
4.2900000e+02	4.3688734e+06	7.8125309e+01
4.3000000e+02	4.3739134e+06	7.8043120e+01
4.3100000e+02	4.3789534e+06	7.7961052e+01
4.3200000e+02	4.3839934e+06	7.7879105e+01
4.3300000e+02	4.3890334e+06	7.7797277e+01
4.3400000e+02	4.3940734e+06	7.7715568e+01
4.3500000e+02	4.3991134e+06	7.7633977e+01
4.3600000e+02	4.4041534e+06	7.7552504e+01
4.3700000e+02	4.4091934e+06	7.7471148e+01
4.3800000e+02	4.4142334e+06	7.7389909e+01
4.3900000e+02	4.4192734e+06	7.7308785e+01
4.4000000e+02	4.4243134e+06	7.7227777e+01
4.4100000e+02	4.4293534e+06	7.7146882e+01
4.4200000e+02	4.4343934e+06	7.7066100e+01
4.4300000e+02	4.4394334e+06	7.6985430e+01
4.4400000e+02	4.4444734e+06	7.6904871e+01
4.4500000e+02	4.4495134e+06	7.6824423e+01
4.4600000e+02	4.4545534e+06	7.6744085e+01
4.4700000e+02	4.4595934e+06	7.6663858e+01
4.4800000e+02	4.4646701e+06	7.6583741e+01
4.4900000e+02	4.4697559e+06	7.6503734e+01
4.5000000e+02	4.4748417e+06	7.6423837e+01
4.5100000e+02	4.4799275e+06	7.6344049e+01
4.5200000e+02	4.4850133e+06	7.6264367e+01
4.5300000e+02	4.4900991e+06	7.6184792e+01
4.5400000e+02	4.4951850e+06	7.6105321e+01
4.5500000e+02	4.5002708e+06	7.6025953e+01
4.5600000e+02	4.5053566e+06	7.5946689e+01
4.5700000e+02	4.5104424e+06	7.5867529e+01
4.5800000e+02	4.5155282e+06	7.5788472e+01
4.5900000e+02	4.5190847e+06	7.5709518e+01
4.6000000e+02	4.5222588e+06	7.5630667e+01
4.6100000e+02	4.5254330e+06	7.5551918e+01
4.6200000e+02	4.5286071e+06	7.5473271e+01
4.6300000e+02	4.5317812e+06	7.5394724e+01
4.6400000e+02	4.5349553e+06	7.5316279e+01
4.6500000e+02	4.5381295e+06	7.5237933e+01
4.6600000e+02	4.5413036e+06	7.5159687e+01
4.6700000e+02	4.5444777e+06	7.5081540e+01
4.6800000e+02	4.5485134e+06	7.5003493e+01
4.6900000e+02	4.5538414e+06	7.4925545e+01
4.7000000e+02	4.5591694e+06	7.4847696e+01
4.7100000e+02	4.5644974e+06	7.4769944e+01
4.7200000e+02	4.5698254e+06	7.4692290e+01
4.7300000e+02	4.5751534e+06	7.4614731e+01
4.7400000e+02	4.5804814e+06	7.4537267e+01
4.7500000e+02	4.5858094e+06	7.4459898e+01
4.7600000e+02	4.5911374e+06	7.4382623e+01
4.7700000e+02	4.5964654e+06	7.4305443e+01
4.7800000e+02	4.6017934e+06	7.4228358e+01
4.7900000e+02	4.6071214e+06	7.4151368e+01
4.8000000e+02	4.6124494e+06	7.4074474e+01
4.8100000e+02	4.6135150e+06	7.3997674e+01
4.8200000e+02	4.6135150e+06	7.3920967e+01
4.8300000e+02	4.6135150e+06	7.3844353e+01
4.8400000e+02	4.6135150e+06	7.3767830e+01
4.8500000e+02	4.6135150e+06	7.3691399e+01
4.8600000e+02	4.6135150e+06	7.3615058e+01
4.8700000e+02	4.6191528e+06	7.3538809e+01
4.8800000e+02	4.6247905e+06	7.3462651e+01
4.8900000e+02	4.6304283e+06	7.3386583e+01
4.9000000e+02	4.6360661e+06	7.3310607e+01
4.9100000e+02	4.6417038e+06	7.3234721e+01
4.9200000e+02	4.6473416e+06	7.3158925e+01
4.9300000e+02	4.6529794e+06	7.3083218e+01
4.9400000e+02	4.6586171e+06	7.3007600e+01
4.9500000e+02	4.6641491e+06	7.2932070e+01
4.9600000e+02	4.6695222e+06	7.2856629e+01
4.9700000e+02	4.6748954e+06	7.2781275e+01
4.9800000e+02	4.6802685e+06	7.2706009e+01
4.9900000e+02	4.6856417e+06	7.2630831e+01
5.0000000e+02	4.6910148e+06	7.2555740e+01
5.0100000e+02	4.6963880e+06	7.2480737e+01
5.0200000e+02	4.7017611e+06	7.2405820e+01
5.0300000e+02	4.7071343e+06	7.2330991e+01
5.0400000e+02	4.7125074e+06	7.2256248e+01
5.0500000e+02	4.7178806e+06	7.2181591e+01
5.0600000e+02	4.7232537e+06	7.2107021e+01
5.0700000e+02	4.7276008e+06	7.2032536e+01
5.0800000e+02	4.7312638e+06	7.1958136e+01
5.0900000e+02	4.7349268e+06	7.1883821e+01
5.1000000e+02	4.7385898e+06	7.1809590e+01
5.1100000e+02	4.7422528e+06	7.1735442e+01
5.1200000e+02	4.7459158e+06	7.1661379e+01
5.1300000e+02	4.7495788e+06	7.1587399e+01
5.1400000e+02	4.7532418e+06	7.1513502e+01
5.1500000e+02	4.7569048e+06	7.1439689e+01
5.1600000e+02	4.7605678e+06	7.1365960e+01
5.1700000e+02	4.7642308e+06	7.1292314e+01
5.1800000e+02	4.7689647e+06	7.1218751e+01
5.1900000e+02	4.7753050e+06	7.1145271e+01
5.2000000e+02	4.7816454e+06	7.1071875e+01
5.2100000e+02	4.7879857e+06	7.0998560e+01
5.2200000e+02	4.7943260e+06	7.0925328e+01
5.2300000e+02	4.8006663e+06	7.0852178e+01
5.2400000e+02	4.8070066e+06	7.0779110e+01
5.2500000e+02	4.8133470e+06	7.0706122e+01
5.2600000e+02	4.8196873e+06	7.0633215e+01
5.2700000e+02	4.8260276e+06	7.0560389e+01
5.2800000e+02	4.8316660e+06	7.0487643e+01
5.2900000e+02	4.8362516e+06	7.0414978e+01
5.3000000e+02	4.8408372e+06	7.0342394e+01
5.3100000e+02	4.8454227e+06	7.0269890e+01
5.3200000e+02	4.8500083e+06	7.0197466e+01
5.3300000e+02	4.8545939e+06	7.0125122e+01
5.3400000e+02	4.8591795e+06	7.0052857e+01
5.3500000e+02	4.8637650e+06	6.9980672e+01
5.3600000e+02	4.8683506e+06	6.9908565e+01
5.3700000e+02	4.8729362e+06	6.9836538e+01
5.3800000e+02	4.8775218e+06	6.9764589e+01
5.3900000e+02	4.8821073e+06	6.9692718e+01
5.4000000e+02	4.8867799e+06	6.9620926e+01
5.4100000e+02	4.8918005e+06	6.9549212e+01
5.4200000e+02	4.8968211e+06	6.9477577e+01
5.4300000e+02	4.9018418e+06	6.9406019e+01
5.4400000e+02	4.9068624e+06	6.9334540e+01
5.4500000e+02	4.9118830e+06	6.9263139e+01
5.4600000e+02	4.9169036e+06	6.9191816e+01
5.4700000e+02	4.9219242e+06	6.9120571e+01
5.4800000e+02	4.9269448e+06	6.9049404e+01
5.4900000e+02	4.9319654e+06	6.8978314e+01
5.5000000e+02	4.9369861e+06	6.8907301e+01
5.5100000e+02	4.9420067e+06	6.8836366e+01
5.5200000e+02	4.9470273e+06	6.8765507e+01
5.5300000e+02	4.9520479e+06	6.8694725e+01
5.5400000e+02	4.9570685e+06	6.8624018e+01
5.5500000e+02	4.9620891e+06	6.8553388e+01
5.5600000e+02	4.9669454e+06	6.8482833e+01
5.5700000e+02	4.9716922e+06	6.8412353e+01
5.5800000e+02	4.9764390e+06	6.8341949e+01
5.5900000e+02	4.9811857e+06	6.8271620e+01
5.6000000e+02	4.9859325e+06	6.8201367e+01
5.6100000e+02	4.9906793e+06	6.8131188e+01
5.6200000e+02	4.9954260e+06	6.8061085e+01
5.6300000e+02	5.0001728e+06	6.7991057e+01
5.6400000e+02	5.0049195e+06	6.7921105e+01
5.6500000e+02	5.0096663e+06	6.7851227e+01
5.6600000e+02	5.0144131e+06	6.7781424e+01
5.6700000e+02	5.0201046e+06	6.7711696e+01
5.6800000e+02	5.0264259e+06	6.7642042e+01
5.6900000e+02	5.0327473e+06	6.7572463e+01
5.7000000e+02	5.0390687e+06	6.7502958e+01
5.7100000e+02	5.0453900e+06	6.7433527e+01
5.7200000e+02	5.0517114e+06	6.7364170e+01
5.7300000e+02	5.0580327e+06	6.7294886e+01
5.7400000e+02	5.0643541e+06	6.7225677e+01
5.7500000e+02	5.0706754e+06	6.7156540e+01
5.7600000e+02	5.0769968e+06	6.7087477e+01
5.7700000e+02	5.0833182e+06	6.7018486e+01
5.7800000e+02	5.0896395e+06	6.6949569e+01
5.7900000e+02	5.0957422e+06	6.6880725e+01
5.8000000e+02	5.1017902e+06	6.6811954e+01
5.8100000e+02	5.1078382e+06	6.6743256e+01
5.8200000e+02	5.1138862e+06	6.6674631e+01
5.8300000e+02	5.1199342e+06	6.6606079e+01
5.8400000e+02	5.1259822e+06	6.6537599e+01
5.8500000e+02	5.1320302e+06	6.6469191e+01
5.8600000e+02	5.1380782e+06	6.6400855e+01
5.8700000e+02	5.1441262e+06	6.6332591e+01
5.8800000e+02	5.1501742e+06	6.6264399e+01
5.8900000e+02	5.1562222e+06	6.6196279e+01
5.9000000e+02	5.1622702e+06	6.6128230e+01
5.9100000e+02	5.1683182e+06	6.6060254e+01
5.9200000e+02	5.1743662e+06	6.5992349e+01
5.9300000e+02	5.1804142e+06	6.5924516e+01
5.9400000e+02	5.1904042e+06	6.5856754e+01
5.9500000e+02	5.2003942e+06	6.5789063e+01
5.9600000e+02	5.2103842e+06	6.5721444e+01
5.9700000e+02	5.2203742e+06	6.5653897e+01
5.9800000e+02	5.2303642e+06	6.5586420e+01
5.9900000e+02	5.2406893e+06	6.5519014e+01
6.0000000e+02	5.2515172e+06	6.5451680e+01
6.0100000e+02	5.2623451e+06	6.5384416e+01
6.0200000e+02	5.2731729e+06	6.5317224e+01
6.0300000e+02	5.2840008e+06	6.5250102e+01
6.0400000e+02	5.2948287e+06	6.5183050e+01
6.0500000e+02	5.3056565e+06	6.5116070e+01
6.0600000e+02	5.3164844e+06	6.5049159e+01
6.0700000e+02	5.3273123e+06	6.4982320e+01
6.0800000e+02	5.3381402e+06	6.4915550e+01
6.0900000e+02	5.3489680e+06	6.4848851e+01
6.1000000e+02	5.3597959e+06	6.4782222e+01
6.1100000e+02	5.3706238e+06	6.4715663e+01
6.1200000e+02	5.3807038e+06	6.4649174e+01
6.1300000e+02	5.3907838e+06	6.4582755e+01
6.1400000e+02	5.4008638e+06	6.4516405e+01
6.1500000e+02	5.4109438e+06	6.4450126e+01
6.1600000e+02	5.4210238e+06	6.4383916e+01
6.1700000e+02	5.4311038e+06	6.4317775e+01
6.1800000e+02	5.4411838e+06	6.4251704e+01
6.1900000e+02	5.4552857e+06	6.4185703e+01
6.2000000e+02	5.4720689e+06	6.4119771e+01
6.2100000e+02	5.4888521e+06	6.4053908e+01
6.2200000e+02	5.5056353e+06	6.3988114e+01
6.2300000e+02	5.5224185e+06	6.3922389e+01
6.2400000e+02	5.5392017e+06	6.3856733e+01
6.2500000e+02	5.5177500e+06	6.3791146e+01
6.2600000e+02	5.4708085e+06	6.3725628e+01
6.2700000e+02	5.4238670e+06	6.3660179e+01
6.2800000e+02	5.3769255e+06	6.3594798e+01
6.2900000e+02	5.3299840e+06	6.3529486e+01
6.3000000e+02	5.2830425e+06	6.3464242e+01
6.3100000e+02	5.2361010e+06	6.3399066e+01
6.3200000e+02	5.1891594e+06	6.3333959e+01
6.3300000e+02	5.1422179e+06	6.3268920e+01
6.3400000e+02	5.0952764e+06	6.3203949e+01
6.3500000e+02	5.0483349e+06	6.3139046e+01
6.3600000e+02	5.0013934e+06	6.3074211e+01
6.3700000e+02	4.9842574e+06	6.3009444e+01
6.3800000e+02	4.9671214e+06	6.2944745e+01
6.3900000e+02	4.9499854e+06	6.2880114e+01
6.4000000e+02	4.9328494e+06	6.2815550e+01
6.4100000e+02	4.9157134e+06	6.2751053e+01
6.4200000e+02	4.8985774e+06	6.2686624e+01
6.4300000e+02	4.8814414e+06	6.2622263e+01
6.4400000e+02	4.8643054e+06	6.2557968e+01
6.4500000e+02	4.8471694e+06	6.2493741e+01
6.4600000e+02	4.8300334e+06	6.2429581e+01
6.4700000e+02	4.8128974e+06	6.2365488e+01
6.4800000e+02	4.8007168e+06	6.2301462e+01
6.4900000e+02	4.7890869e+06	6.2237502e+01
6.5000000e+02	4.7774570e+06	6.2173610e+01
6.5100000e+02	4.7658270e+06	6.2109784e+01
6.5200000e+02	4.7541971e+06	6.2046024e+01
6.5300000e+02	4.7425672e+06	6.1982331e+01
6.5400000e+02	4.7309372e+06	6.1918705e+01
6.5500000e+02	4.7193073e+06	6.1855145e+01
6.5600000e+02	4.7076774e+06	6.1791651e+01
6.5700000e+02	4.7017366e+06	6.1728223e+01
6.5800000e+02	4.6995887e+06	6.1664862e+01
6.5900000e+02	4.6974408e+06	6.1601566e+01
6.6000000e+02	4.6952928e+06	6.1538336e+01
6.6100000e+02	4.6931449e+06	6.1475172e+01
6.6200000e+02	4.6909969e+06	6.1412074e+01
6.6300000e+02	4.6888490e+06	6.1349042e+01
6.6400000e+02	4.6867011e+06	6.1286075e+01
6.6500000e+02	4.6845531e+06	6.1223173e+01
6.6600000e+02	4.6824052e+06	6.1160337e+01
6.6700000e+02	4.6802573e+06	6.1097566e+01
6.6800000e+02	4.6781093e+06	6.1034861e+01
6.6900000e+02	4.6759614e+06	6.0972220e+01
6.7000000e+02	4.6738134e+06	6.0909645e+01
6.7100000e+02	4.6716655e+06	6.0847134e+01
6.7200000e+02	4.6695176e+06	6.0784689e+01
6.7300000e+02	4.6673696e+06	6.0722308e+01
6.7400000e+02	4.6652217e+06	6.0659992e+01
6.7500000e+02	4.6630738e+06	6.0597741e+01
6.7600000e+02	4.6621872e+06	6.0535554e+01
6.7700000e+02	4.6625620e+06	6.0473431e+01
6.7800000e+02	4.6629369e+06	6.0411373e+01
6.7900000e+02	4.6633117e+06	6.0349380e+01
6.8000000e+02	4.6636865e+06	6.0287450e+01
6.8100000e+02	4.6640614e+06	6.0225585e+01
6.8200000e+02	4.6644362e+06	6.0163783e+01
6.8300000e+02	4.6648111e+06	6.0102046e+01
6.8400000e+02	4.6651859e+06	6.0040372e+01
6.8500000e+02	4.6655607e+06	5.9978762e+01
6.8600000e+02	4.6659356e+06	5.9917216e+01
6.8700000e+02	4.6663104e+06	5.9855734e+01
6.8800000e+02	4.6666852e+06	5.9794315e+01
6.8900000e+02	4.6670601e+06	5.9732959e+01
6.9000000e+02	4.6674349e+06	5.9671667e+01
6.9100000e+02	4.6678097e+06	5.9610438e+01
6.9200000e+02	4.6681846e+06	5.9549272e+01
6.9300000e+02	4.6685594e+06	5.9488170e+01
6.9400000e+02	4.6689342e+06	5.9427130e+01
6.9500000e+02	4.6693091e+06	5.9366153e+01
6.9600000e+02	4.6687240e+06	5.9305239e+01
6.9700000e+02	4.6674989e+06	5.9244388e+01
6.9800000e+02	4.6662739e+06	5.9183600e+01
6.9900000e+02	4.6650488e+06	5.9122874e+01
7.0000000e+02	4.6638238e+06	5.9062211e+01
7.0100000e+02	4.6625987e+06	5.9001610e+01
7.0200000e+02	4.6613737e+06	5.8941071e+01
7.0300000e+02	4.6601486e+06	5.8880595e+01
7.0400000e+02	4.6589236e+06	5.8820180e+01
7.0500000e+02	4.6576985e+06	5.8759828e+01
7.0600000e+02	4.6564735e+06	5.8699538e+01
7.0700000e+02	4.6552484e+06	5.8639310e+01
7.0800000e+02	4.6540234e+06	5.8579143e+01
7.0900000e+02	4.6527983e+06	5.8519039e+01
7.1000000e+02	4.6515733e+06	5.8458996e+01
7.1100000e+02	4.6503482e+06	5.8399014e+01
7.1200000e+02	4.6491231e+06	5.8339094e+01
7.1300000e+02	4.6478981e+06	5.8279235e+01
7.1400000e+02	4.6466730e+06	5.8219438e+01
7.1500000e+02	4.6454480e+06	5.8159702e+01
7.1600000e+02	4.6442229e+06	5.8100027e+01
7.1700000e+02	4.6429979e+06	5.8040413e+01
7.1800000e+02	4.6417728e+06	5.7980860e+01
7.1900000e+02	4.6405478e+06	5.7921368e+01
7.2000000e+02	4.6393227e+06	5.7861937e+01
7.2100000e+02	4.6380977e+06	5.7802567e+01
7.2200000e+02	4.6368726e+06	5.7743257e+01
7.2300000e+02	4.6359929e+06	5.7684007e+01
7.2400000e+02	4.6364947e+06	5.7624818e+01
7.2500000e+02	4.6369964e+06	5.7565690e+01
7.2600000e+02	4.6374982e+06	5.7506622e+01
7.2700000e+02	4.6379999e+06	5.7447614e+01
7.2800000e+02	4.6385016e+06	5.7388666e+01
7.2900000e+02	4.6390034e+06	5.7329778e+01
7.3000000e+02	4.6395051e+06	5.7270950e+01
7.3100000e+02	4.6400069e+06	5.7212182e+01
7.3200000e+02	4.6405086e+06	5.7153474e+01
7.3300000e+02	4.6410103e+06	5.7094825e+01
7.3400000e+02	4.6415121e+06	5.7036236e+01
7.3500000e+02	4.6420138e+06	5.6977707e+01
7.3600000e+02	4.6425156e+06	5.6919237e+01
7.3700000e+02	4.6430173e+06	5.6860826e+01
7.3800000e+02	4.6435190e+06	5.6802475e+01
7.3900000e+02	4.6440208e+06	5.6744182e+01
7.4000000e+02	4.6445225e+06	5.6685949e+01
7.4100000e+02	4.6450243e+06	5.6627775e+01
7.4200000e+02	4.6455260e+06	5.6569660e+01
7.4300000e+02	4.6460277e+06	5.6511604e+01
7.4400000e+02	4.6465295e+06	5.6453606e+01
7.4500000e+02	4.6470312e+06	5.6395667e+01
7.4600000e+02	4.6475330e+06	5.6337787e+01
7.4700000e+02	4.6480347e+06	5.6279965e+01
7.4800000e+02	4.6485364e+06	5.6222202e+01
7.4900000e+02	4.6490382e+06	5.6164497e+01
7.5000000e+02	4.6495399e+06	5.6106850e+01
7.5100000e+02	4.6500417e+06	5.6049261e+01
7.5200000e+02	4.6505434e+06	5.5991731e+01
7.5300000e+02	4.6510451e+06	5.5934258e+01
7.5400000e+02	4.6515469e+06	5.5876843e+01
7.5500000e+02	4.6520486e+06	5.5819487e+01
7.5600000e+02	4.6525504e+06	5.5762187e+01
7.5700000e+02	4.6530521e+06	5.5704946e+01
7.5800000e+02	4.6535538e+06	5.5647762e+01
7.5900000e+02	4.6540556e+06	5.5590636e+01
7.6000000e+02	4.6545573e+06	5.5533567e+01
7.6100000e+02	4.6550591e+06	5.5476555e+01
7.6200000e+02	4.6555608e+06	5.5419600e+01
7.6300000e+02	4.6560625e+06	5.5362703e+01
7.6400000e+02	4.6565643e+06	5.5305863e+01
7.6500000e+02	4.6570660e+06	5.5249080e+01
7.6600000e+02	4.6575678e+06	5.5192353e+01
7.6700000e+02	4.6580695e+06	5.5135683e+01
7.6800000e+02	4.6582702e+06	5.5079071e+01
7.6900000e+02	4.6582702e+06	5.5022514e+01
7.7000000e+02	4.6582702e+06	5.4966015e+01
7.7100000e+02	4.6582702e+06	5.4909571e+01
7.7200000e+02	4.6582702e+06	5.4853184e+01
7.7300000e+02	4.6582702e+06	5.4796854e+01
7.7400000e+02	4.6582702e+06	5.4740579e+01
7.7500000e+02	4.6582702e+06	5.4684361e+01
7.7600000e+02	4.6582702e+06	5.4628199e+01
7.7700000e+02	4.6582702e+06	5.4572093e+01
7.7800000e+02	4.6582702e+06	5.4516042e+01
7.7900000e+02	4.6582702e+06	5.4460047e+01
7.8000000e+02	4.6582702e+06	5.4404109e+01
7.8100000e+02	4.6582702e+06	5.4348225e+01
7.8200000e+02	4.6582702e+06	5.4292397e+01
7.8300000e+02	4.6582702e+06	5.4236625e+01
7.8400000e+02	4.6582702e+06	5.4180908e+01
7.8500000e+02	4.6582702e+06	5.4125246e+01
7.8600000e+02	4.6582702e+06	5.4069640e+01
7.8700000e+02	4.6582702e+06	5.4014088e+01
7.8800000e+02	4.6582702e+06	5.3958592e+01
7.8900000e+02	4.6582702e+06	5.3903150e+01
7.9000000e+02	4.6582702e+06	5.3847764e+01
7.9100000e+02	4.6582702e+06	5.3792432e+01
7.9200000e+02	4.6582702e+06	5.3737154e+01
7.9300000e+02	4.6582702e+06	5.3681932e+01
7.9400000e+02	4.6582702e+06	5.3626764e+01
7.9500000e+02	4.6582702e+06	5.3571650e+01
7.9600000e+02	4.6582702e+06	5.3516590e+01
7.9700000e+02	4.6582702e+06	5.3461585e+01
7.9800000e+02	4.6582702e+06	5.3406634e+01
7.9900000e+02	4.6584718e+06	5.3351737e+01
8.0000000e+02	4.6586734e+06	5.3296894e+01
