---
source: "GaN Data source: C is from heat capacity of 4H-SiC, k was"
author: "Jia"
---

T (K)	rho_cp (J/m³K)	Sz (W/mK)	Sr (W/mK)
2.0000000e+02	9.2586468e+05	4.9500000e+02	5.7647700e+02
2.0100000e+02	9.4256190e+05	4.9253731e+02	5.7360895e+02
2.0200000e+02	9.5913273e+05	4.9009901e+02	5.7076931e+02
2.0300000e+02	9.7557848e+05	4.8768473e+02	5.6795764e+02
2.0400000e+02	9.9190042e+05	4.8529412e+02	5.6517353e+02
2.0500000e+02	1.0080998e+06	4.8292683e+02	5.6241659e+02
2.0600000e+02	1.0241779e+06	4.8058252e+02	5.5968640e+02
2.0700000e+02	1.0401360e+06	4.7826087e+02	5.5698261e+02
2.0800000e+02	1.0559752e+06	4.7596154e+02	5.5430481e+02
2.0900000e+02	1.0716968e+06	4.7368421e+02	5.5165263e+02
2.1000000e+02	1.0873020e+06	4.7142857e+02	5.4902571e+02
2.1100000e+02	1.1027920e+06	4.6919431e+02	5.4642369e+02
2.1200000e+02	1.1181679e+06	4.6698113e+02	5.4384622e+02
2.1300000e+02	1.1334309e+06	4.6478873e+02	5.4129295e+02
2.1400000e+02	1.1485822e+06	4.6261682e+02	5.3876355e+02
2.1500000e+02	1.1636228e+06	4.6046512e+02	5.3625768e+02
2.1600000e+02	1.1785539e+06	4.5833333e+02	5.3377500e+02
2.1700000e+02	1.1933766e+06	4.5622120e+02	5.3131521e+02
2.1800000e+02	1.2080919e+06	4.5412844e+02	5.2887798e+02
2.1900000e+02	1.2227011e+06	4.5205479e+02	5.2646301e+02
2.2000000e+02	1.2372050e+06	4.5000000e+02	5.2407000e+02
2.2100000e+02	1.2516049e+06	4.4796380e+02	5.2169864e+02
2.2200000e+02	1.2659017e+06	4.4594595e+02	5.1934865e+02
2.2300000e+02	1.2800964e+06	4.4394619e+02	5.1701973e+02
2.2400000e+02	1.2941901e+06	4.4196429e+02	5.1471161e+02
2.2500000e+02	1.3081838e+06	4.4000000e+02	5.1242400e+02
2.2600000e+02	1.3220784e+06	4.3805310e+02	5.1015664e+02
2.2700000e+02	1.3358750e+06	4.3612335e+02	5.0790925e+02
2.2800000e+02	1.3495745e+06	4.3421053e+02	5.0568158e+02
2.2900000e+02	1.3631779e+06	4.3231441e+02	5.0347336e+02
2.3000000e+02	1.3766862e+06	4.3043478e+02	5.0128434e+02
2.3100000e+02	1.3901002e+06	4.2857143e+02	4.9911429e+02
2.3200000e+02	1.4034209e+06	4.2672414e+02	4.9696293e+02
2.3300000e+02	1.4166492e+06	4.2489270e+02	4.9483004e+02
2.3400000e+02	1.4297860e+06	4.2307692e+02	4.9271538e+02
2.3500000e+02	1.4428323e+06	4.2127660e+02	4.9061873e+02
2.3600000e+02	1.4557888e+06	4.1949153e+02	4.8853984e+02
2.3700000e+02	1.4686565e+06	4.1772152e+02	4.8647848e+02
2.3800000e+02	1.4814362e+06	4.1596639e+02	4.8443446e+02
2.3900000e+02	1.4941288e+06	4.1422594e+02	4.8240753e+02
2.4000000e+02	1.5067352e+06	4.1250000e+02	4.8039750e+02
2.4100000e+02	1.5192560e+06	4.1078838e+02	4.7840415e+02
2.4200000e+02	1.5316923e+06	4.0909091e+02	4.7642727e+02
2.4300000e+02	1.5440447e+06	4.0740741e+02	4.7446667e+02
2.4400000e+02	1.5563141e+06	4.0573770e+02	4.7252213e+02
2.4500000e+02	1.5685014e+06	4.0408163e+02	4.7059347e+02
2.4600000e+02	1.5806072e+06	4.0243902e+02	4.6868048e+02
2.4700000e+02	1.5926323e+06	4.0080972e+02	4.6678300e+02
2.4800000e+02	1.6045775e+06	3.9919355e+02	4.6490081e+02
2.4900000e+02	1.6164437e+06	3.9759036e+02	4.6303373e+02
2.5000000e+02	1.6282314e+06	3.9600000e+02	4.6118160e+02
2.5100000e+02	1.6399415e+06	3.9442231e+02	4.5934422e+02
2.5200000e+02	1.6515747e+06	3.9285714e+02	4.5752143e+02
2.5300000e+02	1.6631317e+06	3.9130435e+02	4.5571305e+02
2.5400000e+02	1.6746132e+06	3.8976378e+02	4.5391890e+02
2.5500000e+02	1.6860199e+06	3.8823529e+02	4.5213882e+02
2.5600000e+02	1.6973526e+06	3.8671875e+02	4.5037266e+02
2.5700000e+02	1.7086119e+06	3.8521401e+02	4.4862024e+02
2.5800000e+02	1.7197986e+06	3.8372093e+02	4.4688140e+02
2.5900000e+02	1.7309131e+06	3.8223938e+02	4.4515598e+02
2.6000000e+02	1.7419564e+06	3.8076923e+02	4.4344385e+02
2.6100000e+02	1.7529289e+06	3.7931034e+02	4.4174482e+02
2.6200000e+02	1.7638314e+06	3.7786260e+02	4.4005878e+02
2.6300000e+02	1.7746644e+06	3.7642586e+02	4.3838556e+02
2.6400000e+02	1.7854287e+06	3.7500000e+02	4.3672500e+02
2.6500000e+02	1.7961249e+06	3.7358491e+02	4.3507699e+02
2.6600000e+02	1.8067535e+06	3.7218045e+02	4.3344135e+02
2.6700000e+02	1.8173153e+06	3.7078652e+02	4.3181798e+02
2.6800000e+02	1.8278107e+06	3.6940299e+02	4.3020672e+02
2.6900000e+02	1.8382404e+06	3.6802974e+02	4.2860744e+02
2.7000000e+02	1.8486051e+06	3.6666667e+02	4.2702000e+02
2.7100000e+02	1.8589052e+06	3.6531365e+02	4.2544428e+02
2.7200000e+02	1.8691413e+06	3.6397059e+02	4.2388015e+02
2.7300000e+02	1.8793142e+06	3.6263736e+02	4.2232747e+02
2.7400000e+02	1.8894242e+06	3.6131387e+02	4.2078613e+02
2.7500000e+02	1.8994719e+06	3.6000000e+02	4.1925600e+02
2.7600000e+02	1.9094580e+06	3.5869565e+02	4.1773695e+02
2.7700000e+02	1.9193830e+06	3.5740072e+02	4.1622888e+02
2.7800000e+02	1.9292473e+06	3.5611511e+02	4.1473166e+02
2.7900000e+02	1.9390516e+06	3.5483871e+02	4.1324516e+02
2.8000000e+02	1.9487964e+06	3.5357143e+02	4.1176929e+02
2.8100000e+02	1.9584822e+06	3.5231317e+02	4.1030392e+02
2.8200000e+02	1.9681095e+06	3.5106383e+02	4.0884894e+02
2.8300000e+02	1.9776788e+06	3.4982332e+02	4.0740424e+02
2.8400000e+02	1.9871906e+06	3.4859155e+02	4.0596972e+02
2.8500000e+02	1.9966455e+06	3.4736842e+02	4.0454526e+02
2.8600000e+02	2.0060439e+06	3.4615385e+02	4.0313077e+02
2.8700000e+02	2.0153863e+06	3.4494774e+02	4.0172614e+02
2.8800000e+02	2.0246733e+06	3.4375000e+02	4.0033125e+02
2.8900000e+02	2.0339052e+06	3.4256055e+02	3.9894602e+02
2.9000000e+02	2.0430825e+06	3.4137931e+02	3.9757034e+02
2.9100000e+02	2.0522058e+06	3.4020619e+02	3.9620413e+02
2.9200000e+02	2.0612755e+06	3.3904110e+02	3.9484727e+02
2.9300000e+02	2.0702920e+06	3.3788396e+02	3.9349966e+02
2.9400000e+02	2.0792558e+06	3.3673469e+02	3.9216122e+02
2.9500000e+02	2.0881674e+06	3.3559322e+02	3.9083186e+02
2.9600000e+02	2.0970272e+06	3.3445946e+02	3.8951149e+02
2.9700000e+02	2.1058356e+06	3.3333333e+02	3.8820000e+02
2.9800000e+02	2.1145930e+06	3.3221477e+02	3.8689732e+02
2.9900000e+02	2.1233000e+06	3.3110368e+02	3.8560335e+02
3.0000000e+02	2.1319568e+06	3.3000000e+02	3.8431800e+02
3.0100000e+02	2.1405640e+06	3.2890365e+02	3.8304119e+02
3.0200000e+02	2.1491220e+06	3.2781457e+02	3.8177285e+02
3.0300000e+02	2.1576311e+06	3.2673267e+02	3.8051287e+02
3.0400000e+02	2.1660918e+06	3.2565789e+02	3.7926118e+02
3.0500000e+02	2.1745044e+06	3.2459016e+02	3.7801770e+02
3.0600000e+02	2.1828695e+06	3.2352941e+02	3.7678235e+02
3.0700000e+02	2.1911873e+06	3.2247557e+02	3.7555505e+02
3.0800000e+02	2.1994582e+06	3.2142857e+02	3.7433571e+02
3.0900000e+02	2.2076827e+06	3.2038835e+02	3.7312427e+02
3.1000000e+02	2.2158612e+06	3.1935484e+02	3.7192065e+02
3.1100000e+02	2.2239939e+06	3.1832797e+02	3.7072475e+02
3.1200000e+02	2.2320813e+06	3.1730769e+02	3.6953654e+02
3.1300000e+02	2.2401237e+06	3.1629393e+02	3.6835591e+02
3.1400000e+02	2.2481215e+06	3.1528662e+02	3.6718280e+02
3.1500000e+02	2.2560751e+06	3.1428571e+02	3.6601714e+02
3.1600000e+02	2.2639849e+06	3.1329114e+02	3.6485886e+02
3.1700000e+02	2.2718511e+06	3.1230284e+02	3.6370789e+02
3.1800000e+02	2.2796741e+06	3.1132075e+02	3.6256415e+02
3.1900000e+02	2.2874544e+06	3.1034483e+02	3.6142759e+02
3.2000000e+02	2.2951921e+06	3.0937500e+02	3.6029813e+02
3.2100000e+02	2.3028877e+06	3.0841121e+02	3.5917570e+02
3.2200000e+02	2.3105415e+06	3.0745342e+02	3.5806025e+02
3.2300000e+02	2.3181539e+06	3.0650155e+02	3.5695171e+02
3.2400000e+02	2.3257251e+06	3.0555556e+02	3.5585001e+02
3.2500000e+02	2.3332554e+06	3.0461538e+02	3.5475507e+02
3.2600000e+02	2.3407453e+06	3.0368098e+02	3.5366687e+02
3.2700000e+02	2.3481950e+06	3.0275229e+02	3.5258532e+02
3.2800000e+02	2.3556049e+06	3.0182927e+02	3.5151037e+02
3.2900000e+02	2.3629752e+06	3.0091185e+02	3.5044194e+02
3.3000000e+02	2.3703063e+06	3.0000000e+02	3.4938000e+02
3.3100000e+02	2.3775985e+06	2.9909366e+02	3.4832448e+02
3.3200000e+02	2.3848520e+06	2.9819277e+02	3.4727530e+02
3.3300000e+02	2.3920672e+06	2.9729730e+02	3.4623244e+02
3.3400000e+02	2.3992444e+06	2.9640719e+02	3.4519581e+02
3.3500000e+02	2.4063838e+06	2.9552239e+02	3.4416538e+02
3.3600000e+02	2.4134859e+06	2.9464286e+02	3.4314107e+02
3.3700000e+02	2.4205507e+06	2.9376855e+02	3.4212285e+02
3.3800000e+02	2.4275787e+06	2.9289941e+02	3.4111065e+02
3.3900000e+02	2.4345701e+06	2.9203540e+02	3.4010443e+02
3.4000000e+02	2.4415252e+06	2.9117647e+02	3.3910412e+02
3.4100000e+02	2.4484443e+06	2.9032258e+02	3.3810968e+02
3.4200000e+02	2.4553276e+06	2.8947368e+02	3.3712105e+02
3.4300000e+02	2.4621754e+06	2.8862974e+02	3.3613820e+02
3.4400000e+02	2.4689881e+06	2.8779070e+02	3.3516105e+02
3.4500000e+02	2.4757658e+06	2.8695652e+02	3.3418956e+02
3.4600000e+02	2.4825088e+06	2.8612717e+02	3.3322370e+02
3.4700000e+02	2.4892173e+06	2.8530259e+02	3.3226340e+02
3.4800000e+02	2.4958918e+06	2.8448276e+02	3.3130862e+02
3.4900000e+02	2.5025323e+06	2.8366762e+02	3.3035931e+02
3.5000000e+02	2.5091391e+06	2.8285714e+02	3.2941543e+02
3.5100000e+02	2.5157126e+06	2.8205128e+02	3.2847692e+02
3.5200000e+02	2.5222529e+06	2.8125000e+02	3.2754375e+02
3.5300000e+02	2.5287603e+06	2.8045326e+02	3.2661587e+02
3.5400000e+02	2.5352350e+06	2.7966102e+02	3.2569322e+02
3.5500000e+02	2.5416773e+06	2.7887324e+02	3.2477578e+02
3.5600000e+02	2.5480874e+06	2.7808989e+02	3.2386349e+02
3.5700000e+02	2.5544656e+06	2.7731092e+02	3.2295630e+02
3.5800000e+02	2.5608121e+06	2.7653631e+02	3.2205419e+02
3.5900000e+02	2.5671271e+06	2.7576602e+02	3.2115711e+02
3.6000000e+02	2.5734108e+06	2.7500000e+02	3.2026500e+02
3.6100000e+02	2.5796635e+06	2.7423823e+02	3.1937784e+02
3.6200000e+02	2.5858855e+06	2.7348066e+02	3.1849558e+02
3.6300000e+02	2.5920768e+06	2.7272727e+02	3.1761818e+02
3.6400000e+02	2.5982378e+06	2.7197802e+02	3.1674560e+02
3.6500000e+02	2.6043687e+06	2.7123288e+02	3.1587781e+02
3.6600000e+02	2.6104696e+06	2.7049180e+02	3.1501475e+02
3.6700000e+02	2.6165409e+06	2.6975477e+02	3.1415641e+02
3.6800000e+02	2.6225827e+06	2.6902174e+02	3.1330272e+02
3.6900000e+02	2.6285952e+06	2.6829268e+02	3.1245366e+02
3.7000000e+02	2.6345786e+06	2.6756757e+02	3.1160919e+02
3.7100000e+02	2.6405332e+06	2.6684636e+02	3.1076927e+02
3.7200000e+02	2.6464591e+06	2.6612903e+02	3.0993387e+02
3.7300000e+02	2.6523566e+06	2.6541555e+02	3.0910295e+02
3.7400000e+02	2.6582258e+06	2.6470588e+02	3.0827647e+02
3.7500000e+02	2.6640670e+06	2.6400000e+02	3.0745440e+02
3.7600000e+02	2.6698803e+06	2.6329787e+02	3.0663670e+02
3.7700000e+02	2.6756660e+06	2.6259947e+02	3.0582334e+02
3.7800000e+02	2.6814242e+06	2.6190476e+02	3.0501428e+02
3.7900000e+02	2.6871552e+06	2.6121372e+02	3.0420950e+02
3.8000000e+02	2.6928591e+06	2.6052632e+02	3.0340895e+02
3.8100000e+02	2.6985361e+06	2.5984252e+02	3.0261260e+02
3.8200000e+02	2.7041864e+06	2.5916230e+02	3.0182041e+02
3.8300000e+02	2.7098102e+06	2.5848564e+02	3.0103238e+02
3.8400000e+02	2.7154076e+06	2.5781250e+02	3.0024844e+02
3.8500000e+02	2.7209789e+06	2.5714286e+02	2.9946857e+02
3.8600000e+02	2.7265242e+06	2.5647668e+02	2.9869274e+02
3.8700000e+02	2.7320438e+06	2.5581395e+02	2.9792093e+02
3.8800000e+02	2.7375377e+06	2.5515464e+02	2.9715309e+02
3.8900000e+02	2.7430062e+06	2.5449871e+02	2.9638920e+02
3.9000000e+02	2.7484495e+06	2.5384615e+02	2.9562923e+02
3.9100000e+02	2.7538676e+06	2.5319693e+02	2.9487314e+02
3.9200000e+02	2.7592608e+06	2.5255102e+02	2.9412092e+02
3.9300000e+02	2.7646293e+06	2.5190840e+02	2.9337252e+02
3.9400000e+02	2.7699732e+06	2.5126904e+02	2.9262792e+02
3.9500000e+02	2.7752927e+06	2.5063291e+02	2.9188709e+02
3.9600000e+02	2.7805880e+06	2.5000000e+02	2.9115000e+02
3.9700000e+02	2.7858591e+06	2.4937028e+02	2.9041663e+02
3.9800000e+02	2.7911063e+06	2.4874372e+02	2.8968694e+02
3.9900000e+02	2.7963298e+06	2.4812030e+02	2.8896090e+02
4.0000000e+02	2.8015297e+06	2.4750000e+02	2.8823850e+02
4.0100000e+02	2.8067061e+06	2.4688279e+02	2.8751970e+02
4.0200000e+02	2.8118592e+06	2.4626866e+02	2.8680448e+02
4.0300000e+02	2.8169892e+06	2.4565757e+02	2.8609281e+02
4.0400000e+02	2.8220962e+06	2.4504950e+02	2.8538465e+02
4.0500000e+02	2.8271804e+06	2.4444444e+02	2.8467999e+02
4.0600000e+02	2.8322419e+06	2.4384236e+02	2.8397881e+02
4.0700000e+02	2.8372809e+06	2.4324324e+02	2.8328108e+02
4.0800000e+02	2.8422975e+06	2.4264706e+02	2.8258677e+02
4.0900000e+02	2.8472919e+06	2.4205379e+02	2.8189584e+02
4.1000000e+02	2.8522641e+06	2.4146341e+02	2.8120829e+02
4.1100000e+02	2.8572145e+06	2.4087591e+02	2.8052408e+02
4.1200000e+02	2.8621430e+06	2.4029126e+02	2.7984320e+02
4.1300000e+02	2.8670499e+06	2.3970944e+02	2.7916561e+02
4.1400000e+02	2.8719353e+06	2.3913043e+02	2.7849130e+02
4.1500000e+02	2.8767993e+06	2.3855422e+02	2.7782024e+02
4.1600000e+02	2.8816420e+06	2.3798077e+02	2.7715240e+02
4.1700000e+02	2.8864637e+06	2.3741007e+02	2.7648777e+02
4.1800000e+02	2.8912644e+06	2.3684211e+02	2.7582632e+02
4.1900000e+02	2.8960443e+06	2.3627685e+02	2.7516802e+02
4.2000000e+02	2.9008034e+06	2.3571429e+02	2.7451286e+02
4.2100000e+02	2.9055421e+06	2.3515439e+02	2.7386080e+02
4.2200000e+02	2.9102602e+06	2.3459716e+02	2.7321185e+02
4.2300000e+02	2.9149581e+06	2.3404255e+02	2.7256595e+02
4.2400000e+02	2.9196358e+06	2.3349057e+02	2.7192312e+02
4.2500000e+02	2.9242935e+06	2.3294118e+02	2.7128330e+02
4.2600000e+02	2.9289313e+06	2.3239437e+02	2.7064648e+02
4.2700000e+02	2.9335492e+06	2.3185012e+02	2.7001265e+02
4.2800000e+02	2.9381476e+06	2.3130841e+02	2.6938177e+02
4.2900000e+02	2.9427263e+06	2.3076923e+02	2.6875385e+02
4.3000000e+02	2.9472857e+06	2.3023256e+02	2.6812884e+02
4.3100000e+02	2.9518257e+06	2.2969838e+02	2.6750673e+02
4.3200000e+02	2.9563466e+06	2.2916667e+02	2.6688750e+02
4.3300000e+02	2.9608485e+06	2.2863741e+02	2.6627113e+02
4.3400000e+02	2.9653314e+06	2.2811060e+02	2.6565760e+02
4.3500000e+02	2.9697955e+06	2.2758621e+02	2.6504690e+02
4.3600000e+02	2.9742409e+06	2.2706422e+02	2.6443899e+02
4.3700000e+02	2.9786677e+06	2.2654462e+02	2.6383386e+02
4.3800000e+02	2.9830760e+06	2.2602740e+02	2.6323151e+02
4.3900000e+02	2.9874660e+06	2.2551253e+02	2.6263189e+02
4.4000000e+02	2.9918378e+06	2.2500000e+02	2.6203500e+02
4.4100000e+02	2.9961914e+06	2.2448980e+02	2.6144082e+02
4.4200000e+02	3.0005270e+06	2.2398190e+02	2.6084932e+02
4.4300000e+02	3.0048447e+06	2.2347630e+02	2.6026050e+02
4.4400000e+02	3.0091446e+06	2.2297297e+02	2.5967432e+02
4.4500000e+02	3.0134268e+06	2.2247191e+02	2.5909079e+02
4.4600000e+02	3.0176915e+06	2.2197309e+02	2.5850986e+02
4.4700000e+02	3.0219387e+06	2.2147651e+02	2.5793154e+02
4.4800000e+02	3.0261685e+06	2.2098214e+02	2.5735580e+02
4.4900000e+02	3.0303810e+06	2.2048998e+02	2.5678263e+02
4.5000000e+02	3.0345764e+06	2.2000000e+02	2.5621200e+02
4.5100000e+02	3.0387548e+06	2.1951220e+02	2.5564391e+02
4.5200000e+02	3.0429162e+06	2.1902655e+02	2.5507832e+02
4.5300000e+02	3.0470607e+06	2.1854305e+02	2.5451524e+02
4.5400000e+02	3.0511886e+06	2.1806167e+02	2.5395462e+02
4.5500000e+02	3.0552997e+06	2.1758242e+02	2.5339649e+02
4.5600000e+02	3.0593943e+06	2.1710526e+02	2.5284079e+02
4.5700000e+02	3.0634725e+06	2.1663020e+02	2.5228753e+02
4.5800000e+02	3.0675344e+06	2.1615721e+02	2.5173669e+02
4.5900000e+02	3.0715799e+06	2.1568627e+02	2.5118823e+02
4.6000000e+02	3.0756094e+06	2.1521739e+02	2.5064217e+02
4.6100000e+02	3.0796227e+06	2.1475054e+02	2.5009848e+02
4.6200000e+02	3.0836201e+06	2.1428571e+02	2.4955714e+02
4.6300000e+02	3.0876017e+06	2.1382289e+02	2.4901814e+02
4.6400000e+02	3.0915674e+06	2.1336207e+02	2.4848147e+02
4.6500000e+02	3.0955175e+06	2.1290323e+02	2.4794710e+02
4.6600000e+02	3.0994520e+06	2.1244635e+02	2.4741502e+02
4.6700000e+02	3.1033710e+06	2.1199143e+02	2.4688522e+02
4.6800000e+02	3.1072746e+06	2.1153846e+02	2.4635769e+02
4.6900000e+02	3.1111628e+06	2.1108742e+02	2.4583241e+02
4.7000000e+02	3.1150359e+06	2.1063830e+02	2.4530936e+02
4.7100000e+02	3.1188937e+06	2.1019108e+02	2.4478853e+02
4.7200000e+02	3.1227366e+06	2.0974576e+02	2.4426991e+02
4.7300000e+02	3.1265645e+06	2.0930233e+02	2.4375349e+02
4.7400000e+02	3.1303775e+06	2.0886076e+02	2.4323924e+02
4.7500000e+02	3.1341757e+06	2.0842105e+02	2.4272715e+02
4.7600000e+02	3.1379592e+06	2.0798319e+02	2.4221722e+02
4.7700000e+02	3.1417281e+06	2.0754717e+02	2.4170943e+02
4.7800000e+02	3.1454824e+06	2.0711297e+02	2.4120376e+02
4.7900000e+02	3.1492223e+06	2.0668058e+02	2.4070020e+02
4.8000000e+02	3.1529478e+06	2.0625000e+02	2.4019875e+02
4.8100000e+02	3.1566590e+06	2.0582121e+02	2.3969938e+02
4.8200000e+02	3.1603560e+06	2.0539419e+02	2.3920207e+02
4.8300000e+02	3.1640389e+06	2.0496894e+02	2.3870683e+02
4.8400000e+02	3.1677078e+06	2.0454545e+02	2.3821363e+02
4.8500000e+02	3.1713626e+06	2.0412371e+02	2.3772247e+02
4.8600000e+02	3.1750036e+06	2.0370370e+02	2.3723333e+02
4.8700000e+02	3.1786308e+06	2.0328542e+02	2.3674620e+02
4.8800000e+02	3.1822442e+06	2.0286885e+02	2.3626106e+02
4.8900000e+02	3.1858440e+06	2.0245399e+02	2.3577792e+02
4.9000000e+02	3.1894302e+06	2.0204082e+02	2.3529674e+02
4.9100000e+02	3.1930029e+06	2.0162933e+02	2.3481752e+02
4.9200000e+02	3.1965622e+06	2.0121951e+02	2.3434024e+02
4.9300000e+02	3.2001081e+06	2.0081136e+02	2.3386491e+02
4.9400000e+02	3.2036408e+06	2.0040486e+02	2.3339150e+02
4.9500000e+02	3.2071602e+06	2.0000000e+02	2.3292000e+02
4.9600000e+02	3.2106665e+06	1.9959677e+02	2.3245040e+02
4.9700000e+02	3.2141598e+06	1.9919517e+02	2.3198269e+02
4.9800000e+02	3.2176401e+06	1.9879518e+02	2.3151687e+02
4.9900000e+02	3.2211074e+06	1.9839679e+02	2.3105290e+02
5.0000000e+02	3.2245620e+06	1.9800000e+02	2.3059080e+02
5.0100000e+02	3.2280037e+06	1.9760479e+02	2.3013054e+02
5.0200000e+02	3.2314328e+06	1.9721116e+02	2.2967212e+02
5.0300000e+02	3.2348492e+06	1.9681909e+02	2.2921551e+02
5.0400000e+02	3.2382530e+06	1.9642857e+02	2.2876071e+02
5.0500000e+02	3.2416444e+06	1.9603960e+02	2.2830772e+02
5.0600000e+02	3.2450233e+06	1.9565217e+02	2.2785652e+02
5.0700000e+02	3.2483899e+06	1.9526627e+02	2.2740710e+02
5.0800000e+02	3.2517442e+06	1.9488189e+02	2.2695945e+02
5.0900000e+02	3.2550863e+06	1.9449902e+02	2.2651356e+02
5.1000000e+02	3.2584162e+06	1.9411765e+02	2.2606942e+02
5.1100000e+02	3.2617340e+06	1.9373777e+02	2.2562701e+02
5.1200000e+02	3.2650398e+06	1.9335938e+02	2.2518633e+02
5.1300000e+02	3.2683337e+06	1.9298246e+02	2.2474737e+02
5.1400000e+02	3.2716156e+06	1.9260700e+02	2.2431011e+02
5.1500000e+02	3.2748857e+06	1.9223301e+02	2.2387456e+02
5.1600000e+02	3.2781441e+06	1.9186047e+02	2.2344070e+02
5.1700000e+02	3.2813907e+06	1.9148936e+02	2.2300851e+02
5.1800000e+02	3.2846257e+06	1.9111969e+02	2.2257799e+02
5.1900000e+02	3.2878491e+06	1.9075145e+02	2.2214914e+02
5.2000000e+02	3.2910610e+06	1.9038462e+02	2.2172193e+02
5.2100000e+02	3.2942614e+06	1.9001919e+02	2.2129635e+02
5.2200000e+02	3.2974505e+06	1.8965517e+02	2.2087241e+02
5.2300000e+02	3.3006282e+06	1.8929254e+02	2.2045009e+02
5.2400000e+02	3.3037946e+06	1.8893130e+02	2.2002939e+02
5.2500000e+02	3.3069498e+06	1.8857143e+02	2.1961029e+02
5.2600000e+02	3.3100938e+06	1.8821293e+02	2.1919278e+02
5.2700000e+02	3.3132268e+06	1.8785579e+02	2.1877685e+02
5.2800000e+02	3.3163487e+06	1.8750000e+02	2.1836250e+02
5.2900000e+02	3.3194596e+06	1.8714556e+02	2.1794972e+02
5.3000000e+02	3.3225596e+06	1.8679245e+02	2.1753849e+02
5.3100000e+02	3.3256488e+06	1.8644068e+02	2.1712882e+02
5.3200000e+02	3.3287271e+06	1.8609023e+02	2.1672068e+02
5.3300000e+02	3.3317946e+06	1.8574109e+02	2.1631407e+02
5.3400000e+02	3.3348515e+06	1.8539326e+02	2.1590899e+02
5.3500000e+02	3.3378977e+06	1.8504673e+02	2.1550542e+02
5.3600000e+02	3.3409334e+06	1.8470149e+02	2.1510336e+02
5.3700000e+02	3.3439585e+06	1.8435754e+02	2.1470279e+02
5.3800000e+02	3.3469731e+06	1.8401487e+02	2.1430372e+02
5.3900000e+02	3.3499773e+06	1.8367347e+02	2.1390612e+02
5.4000000e+02	3.3529711e+06	1.8333333e+02	2.1351000e+02
5.4100000e+02	3.3559546e+06	1.8299445e+02	2.1311534e+02
5.4200000e+02	3.3589279e+06	1.8265683e+02	2.1272214e+02
5.4300000e+02	3.3618909e+06	1.8232044e+02	2.1233038e+02
5.4400000e+02	3.3648438e+06	1.8198529e+02	2.1194007e+02
5.4500000e+02	3.3677865e+06	1.8165138e+02	2.1155120e+02
5.4600000e+02	3.3707192e+06	1.8131868e+02	2.1116373e+02
5.4700000e+02	3.3736419e+06	1.8098720e+02	2.1077769e+02
5.4800000e+02	3.3765547e+06	1.8065693e+02	2.1039306e+02
5.4900000e+02	3.3794575e+06	1.8032787e+02	2.1000984e+02
5.5000000e+02	3.3823505e+06	1.8000000e+02	2.0962800e+02
5.5100000e+02	3.3852337e+06	1.7967332e+02	2.0924755e+02
5.5200000e+02	3.3881071e+06	1.7934783e+02	2.0886848e+02
5.5300000e+02	3.3909708e+06	1.7902351e+02	2.0849078e+02
5.5400000e+02	3.3938249e+06	1.7870036e+02	2.0811444e+02
5.5500000e+02	3.3966693e+06	1.7837838e+02	2.0773946e+02
5.5600000e+02	3.3995042e+06	1.7805755e+02	2.0736582e+02
5.5700000e+02	3.4023296e+06	1.7773788e+02	2.0699354e+02
5.5800000e+02	3.4051456e+06	1.7741935e+02	2.0662258e+02
5.5900000e+02	3.4079521e+06	1.7710197e+02	2.0625295e+02
5.6000000e+02	3.4107492e+06	1.7678571e+02	2.0588464e+02
5.6100000e+02	3.4135370e+06	1.7647059e+02	2.0551765e+02
5.6200000e+02	3.4163155e+06	1.7615658e+02	2.0515195e+02
5.6300000e+02	3.4190848e+06	1.7584369e+02	2.0478756e+02
5.6400000e+02	3.4218449e+06	1.7553191e+02	2.0442446e+02
5.6500000e+02	3.4245959e+06	1.7522124e+02	2.0406266e+02
5.6600000e+02	3.4273378e+06	1.7491166e+02	2.0370212e+02
5.6700000e+02	3.4300706e+06	1.7460317e+02	2.0334285e+02
5.6800000e+02	3.4327945e+06	1.7429577e+02	2.0298485e+02
5.6900000e+02	3.4355093e+06	1.7398946e+02	2.0262813e+02
5.7000000e+02	3.4382153e+06	1.7368421e+02	2.0227263e+02
5.7100000e+02	3.4409123e+06	1.7338004e+02	2.0191839e+02
5.7200000e+02	3.4436006e+06	1.7307692e+02	2.0156538e+02
5.7300000e+02	3.4462800e+06	1.7277487e+02	2.0121361e+02
5.7400000e+02	3.4489507e+06	1.7247387e+02	2.0086307e+02
5.7500000e+02	3.4516127e+06	1.7217391e+02	2.0051374e+02
5.7600000e+02	3.4542661e+06	1.7187500e+02	2.0016563e+02
5.7700000e+02	3.4569108e+06	1.7157712e+02	1.9981871e+02
5.7800000e+02	3.4595470e+06	1.7128028e+02	1.9947301e+02
5.7900000e+02	3.4621746e+06	1.7098446e+02	1.9912850e+02
5.8000000e+02	3.4647937e+06	1.7068966e+02	1.9878518e+02
5.8100000e+02	3.4674044e+06	1.7039587e+02	1.9844303e+02
5.8200000e+02	3.4700066e+06	1.7010309e+02	1.9810206e+02
5.8300000e+02	3.4726005e+06	1.6981132e+02	1.9776226e+02
5.8400000e+02	3.4751861e+06	1.6952055e+02	1.9742363e+02
5.8500000e+02	3.4777633e+06	1.6923077e+02	1.9708615e+02
5.8600000e+02	3.4803323e+06	1.6894198e+02	1.9674983e+02
5.8700000e+02	3.4828931e+06	1.6865417e+02	1.9641465e+02
5.8800000e+02	3.4854458e+06	1.6836735e+02	1.9608062e+02
5.8900000e+02	3.4879903e+06	1.6808149e+02	1.9574770e+02
5.9000000e+02	3.4905267e+06	1.6779661e+02	1.9541593e+02
5.9100000e+02	3.4930550e+06	1.6751269e+02	1.9508528e+02
5.9200000e+02	3.4955753e+06	1.6722973e+02	1.9475574e+02
5.9300000e+02	3.4980877e+06	1.6694772e+02	1.9442731e+02
5.9400000e+02	3.5005921e+06	1.6666667e+02	1.9410000e+02
5.9500000e+02	3.5030886e+06	1.6638655e+02	1.9377378e+02
5.9600000e+02	3.5055772e+06	1.6610738e+02	1.9344865e+02
5.9700000e+02	3.5080580e+06	1.6582915e+02	1.9312463e+02
5.9800000e+02	3.5105310e+06	1.6555184e+02	1.9280167e+02
5.9900000e+02	3.5129962e+06	1.6527546e+02	1.9247980e+02
6.0000000e+02	3.5154537e+06	1.6500000e+02	1.9215900e+02
6.0100000e+02	3.5179035e+06	1.6472546e+02	1.9183927e+02
6.0200000e+02	3.5203457e+06	1.6445183e+02	1.9152060e+02
6.0300000e+02	3.5227803e+06	1.6417910e+02	1.9120298e+02
6.0400000e+02	3.5252073e+06	1.6390728e+02	1.9088642e+02
6.0500000e+02	3.5276267e+06	1.6363636e+02	1.9057090e+02
6.0600000e+02	3.5300386e+06	1.6336634e+02	1.9025644e+02
6.0700000e+02	3.5324431e+06	1.6309720e+02	1.8994300e+02
6.0800000e+02	3.5348401e+06	1.6282895e+02	1.8963060e+02
6.0900000e+02	3.5372297e+06	1.6256158e+02	1.8931922e+02
6.1000000e+02	3.5396120e+06	1.6229508e+02	1.8900885e+02
6.1100000e+02	3.5419869e+06	1.6202946e+02	1.8869951e+02
6.1200000e+02	3.5443545e+06	1.6176471e+02	1.8839118e+02
6.1300000e+02	3.5467148e+06	1.6150082e+02	1.8808385e+02
6.1400000e+02	3.5490679e+06	1.6123779e+02	1.8777753e+02
6.1500000e+02	3.5514138e+06	1.6097561e+02	1.8747220e+02
6.1600000e+02	3.5537525e+06	1.6071429e+02	1.8716786e+02
6.1700000e+02	3.5560841e+06	1.6045381e+02	1.8686451e+02
6.1800000e+02	3.5584086e+06	1.6019417e+02	1.8656213e+02
6.1900000e+02	3.5607260e+06	1.5993538e+02	1.8626074e+02
6.2000000e+02	3.5630363e+06	1.5967742e+02	1.8596032e+02
6.2100000e+02	3.5653397e+06	1.5942029e+02	1.8566087e+02
6.2200000e+02	3.5676360e+06	1.5916399e+02	1.8536238e+02
6.2300000e+02	3.5699255e+06	1.5890851e+02	1.8506485e+02
6.2400000e+02	3.5722080e+06	1.5865385e+02	1.8476827e+02
6.2500000e+02	3.5744836e+06	1.5840000e+02	1.8447264e+02
6.2600000e+02	3.5767524e+06	1.5814696e+02	1.8417795e+02
6.2700000e+02	3.5790143e+06	1.5789474e+02	1.8388421e+02
6.2800000e+02	3.5812695e+06	1.5764331e+02	1.8359140e+02
6.2900000e+02	3.5835179e+06	1.5739269e+02	1.8329953e+02
6.3000000e+02	3.5857596e+06	1.5714286e+02	1.8300857e+02
6.3100000e+02	3.5879946e+06	1.5689382e+02	1.8271854e+02
6.3200000e+02	3.5902229e+06	1.5664557e+02	1.8242943e+02
6.3300000e+02	3.5924445e+06	1.5639810e+02	1.8214123e+02
6.3400000e+02	3.5946596e+06	1.5615142e+02	1.8185394e+02
6.3500000e+02	3.5968680e+06	1.5590551e+02	1.8156756e+02
6.3600000e+02	3.5990700e+06	1.5566038e+02	1.8128208e+02
6.3700000e+02	3.6012653e+06	1.5541601e+02	1.8099749e+02
6.3800000e+02	3.6034542e+06	1.5517241e+02	1.8071379e+02
6.3900000e+02	3.6056367e+06	1.5492958e+02	1.8043099e+02
6.4000000e+02	3.6078127e+06	1.5468750e+02	1.8014906e+02
6.4100000e+02	3.6099822e+06	1.5444618e+02	1.7986802e+02
6.4200000e+02	3.6121455e+06	1.5420561e+02	1.7958785e+02
6.4300000e+02	3.6143023e+06	1.5396579e+02	1.7930856e+02
6.4400000e+02	3.6164528e+06	1.5372671e+02	1.7903013e+02
6.4500000e+02	3.6185971e+06	1.5348837e+02	1.7875256e+02
6.4600000e+02	3.6207350e+06	1.5325077e+02	1.7847585e+02
6.4700000e+02	3.6228667e+06	1.5301391e+02	1.7820000e+02
6.4800000e+02	3.6249922e+06	1.5277778e+02	1.7792500e+02
6.4900000e+02	3.6271115e+06	1.5254237e+02	1.7765084e+02
6.5000000e+02	3.6292247e+06	1.5230769e+02	1.7737754e+02
6.5100000e+02	3.6313317e+06	1.5207373e+02	1.7710507e+02
6.5200000e+02	3.6334326e+06	1.5184049e+02	1.7683343e+02
6.5300000e+02	3.6355274e+06	1.5160796e+02	1.7656263e+02
6.5400000e+02	3.6376162e+06	1.5137615e+02	1.7629266e+02
6.5500000e+02	3.6396989e+06	1.5114504e+02	1.7602351e+02
6.5600000e+02	3.6417757e+06	1.5091463e+02	1.7575518e+02
6.5700000e+02	3.6438464e+06	1.5068493e+02	1.7548767e+02
6.5800000e+02	3.6459112e+06	1.5045593e+02	1.7522098e+02
6.5900000e+02	3.6479701e+06	1.5022762e+02	1.7495509e+02
6.6000000e+02	3.6500231e+06	1.5000000e+02	1.7469000e+02
6.6100000e+02	3.6520702e+06	1.4977307e+02	1.7442572e+02
6.6200000e+02	3.6541114e+06	1.4954683e+02	1.7416224e+02
6.6300000e+02	3.6561469e+06	1.4932127e+02	1.7389955e+02
6.6400000e+02	3.6581765e+06	1.4909639e+02	1.7363766e+02
6.6500000e+02	3.6602004e+06	1.4887218e+02	1.7337654e+02
6.6600000e+02	3.6622185e+06	1.4864865e+02	1.7311622e+02
6.6700000e+02	3.6642308e+06	1.4842579e+02	1.7285668e+02
6.6800000e+02	3.6662375e+06	1.4820359e+02	1.7259790e+02
6.6900000e+02	3.6682385e+06	1.4798206e+02	1.7233991e+02
6.7000000e+02	3.6702338e+06	1.4776119e+02	1.7208268e+02
6.7100000e+02	3.6722235e+06	1.4754098e+02	1.7182623e+02
6.7200000e+02	3.6742076e+06	1.4732143e+02	1.7157054e+02
6.7300000e+02	3.6761861e+06	1.4710253e+02	1.7131561e+02
6.7400000e+02	3.6781591e+06	1.4688427e+02	1.7106142e+02
6.7500000e+02	3.6801265e+06	1.4666667e+02	1.7080800e+02
6.7600000e+02	3.6820884e+06	1.4644970e+02	1.7055532e+02
6.7700000e+02	3.6840448e+06	1.4623338e+02	1.7030339e+02
6.7800000e+02	3.6859958e+06	1.4601770e+02	1.7005221e+02
6.7900000e+02	3.6879413e+06	1.4580265e+02	1.6980177e+02
6.8000000e+02	3.6898813e+06	1.4558824e+02	1.6955206e+02
6.8100000e+02	3.6918160e+06	1.4537445e+02	1.6930308e+02
6.8200000e+02	3.6937453e+06	1.4516129e+02	1.6905484e+02
6.8300000e+02	3.6956693e+06	1.4494876e+02	1.6880733e+02
6.8400000e+02	3.6975879e+06	1.4473684e+02	1.6856052e+02
6.8500000e+02	3.6995012e+06	1.4452555e+02	1.6831446e+02
6.8600000e+02	3.7014092e+06	1.4431487e+02	1.6806910e+02
6.8700000e+02	3.7033120e+06	1.4410480e+02	1.6782445e+02
6.8800000e+02	3.7052095e+06	1.4389535e+02	1.6758052e+02
6.8900000e+02	3.7071017e+06	1.4368650e+02	1.6733730e+02
6.9000000e+02	3.7089888e+06	1.4347826e+02	1.6709478e+02
6.9100000e+02	3.7108707e+06	1.4327062e+02	1.6685296e+02
6.9200000e+02	3.7127475e+06	1.4306358e+02	1.6661185e+02
6.9300000e+02	3.7146191e+06	1.4285714e+02	1.6637143e+02
6.9400000e+02	3.7164855e+06	1.4265130e+02	1.6613170e+02
6.9500000e+02	3.7183469e+06	1.4244604e+02	1.6589266e+02
6.9600000e+02	3.7202032e+06	1.4224138e+02	1.6565431e+02
6.9700000e+02	3.7220545e+06	1.4203730e+02	1.6541664e+02
6.9800000e+02	3.7239007e+06	1.4183381e+02	1.6517966e+02
6.9900000e+02	3.7257419e+06	1.4163090e+02	1.6494335e+02
7.0000000e+02	3.7275782e+06	1.4142857e+02	1.6470771e+02
