---
source: "Converted from Material_new/ xlsx data"
date: "AI_FDTRFit"
notes: ""
---

T (K)	rho_cp (J/m^3K)	S (W/mK)
2.0515000e+02	1.2801800e+06	1.0936858e+00
2.0615000e+02	1.2841400e+06	1.0962342e+00
2.0715000e+02	1.2896400e+06	1.0987126e+00
2.0815000e+02	1.2940400e+06	1.1011370e+00
2.0915000e+02	1.2984400e+06	1.1035231e+00
2.1015000e+02	1.3024000e+06	1.1058867e+00
2.1115000e+02	1.3065800e+06	1.1082438e+00
2.1215000e+02	1.3116400e+06	1.1106102e+00
2.1315000e+02	1.3160400e+06	1.1130017e+00
2.1415000e+02	1.3202200e+06	1.1154341e+00
2.1515000e+02	1.3252800e+06	1.1179232e+00
2.1615000e+02	1.3294600e+06	1.1204850e+00
2.1715000e+02	1.3340800e+06	1.1231353e+00
2.1815000e+02	1.3387000e+06	1.1258899e+00
2.1915000e+02	1.3431000e+06	1.1287621e+00
2.2015000e+02	1.3477200e+06	1.1317444e+00
2.2115000e+02	1.3521200e+06	1.1348249e+00
2.2215000e+02	1.3576200e+06	1.1379914e+00
2.2315000e+02	1.3620200e+06	1.1412320e+00
2.2415000e+02	1.3662000e+06	1.1445345e+00
2.2515000e+02	1.3717000e+06	1.1478868e+00
2.2615000e+02	1.3750000e+06	1.1512770e+00
2.2715000e+02	1.3802800e+06	1.1546929e+00
2.2815000e+02	1.3851200e+06	1.1581225e+00
2.2915000e+02	1.3890800e+06	1.1615537e+00
2.3015000e+02	1.3934800e+06	1.1649744e+00
2.3115000e+02	1.3978800e+06	1.1683726e+00
2.3215000e+02	1.4025000e+06	1.1717361e+00
2.3315000e+02	1.4082200e+06	1.1750531e+00
2.3415000e+02	1.4121800e+06	1.1783112e+00
2.3515000e+02	1.4168000e+06	1.1814986e+00
2.3615000e+02	1.4212000e+06	1.1846031e+00
2.3715000e+02	1.4256000e+06	1.1876127e+00
2.3815000e+02	1.4302200e+06	1.1905153e+00
2.3915000e+02	1.4344000e+06	1.1932988e+00
2.4015000e+02	1.4381400e+06	1.1959511e+00
2.4115000e+02	1.4421000e+06	1.1985009e+00
2.4215000e+02	1.4465000e+06	1.2010032e+00
2.4315000e+02	1.4500200e+06	1.2034603e+00
2.4415000e+02	1.4533200e+06	1.2058742e+00
2.4515000e+02	1.4586000e+06	1.2082467e+00
2.4615000e+02	1.4638800e+06	1.2105798e+00
2.4715000e+02	1.4687200e+06	1.2128753e+00
2.4815000e+02	1.4724600e+06	1.2151352e+00
2.4915000e+02	1.4764200e+06	1.2173613e+00
2.5015000e+02	1.4803800e+06	1.2195556e+00
2.5115000e+02	1.4836800e+06	1.2217198e+00
2.5215000e+02	1.4850000e+06	1.2238560e+00
2.5315000e+02	1.4880800e+06	1.2259661e+00
2.5415000e+02	1.4911600e+06	1.2280518e+00
2.5515000e+02	1.4951200e+06	1.2301151e+00
2.5615000e+02	1.4997400e+06	1.2321580e+00
2.5715000e+02	1.5043600e+06	1.2341823e+00
2.5815000e+02	1.5105200e+06	1.2361898e+00
2.5915000e+02	1.5162400e+06	1.2381826e+00
2.6015000e+02	1.5202000e+06	1.2401624e+00
2.6115000e+02	1.5243800e+06	1.2421312e+00
2.6215000e+02	1.5287800e+06	1.2440910e+00
2.6315000e+02	1.5329600e+06	1.2460434e+00
2.6415000e+02	1.5369200e+06	1.2479906e+00
2.6515000e+02	1.5402200e+06	1.2499343e+00
2.6615000e+02	1.5439600e+06	1.2518765e+00
2.6715000e+02	1.5474800e+06	1.2538191e+00
2.6815000e+02	1.5512200e+06	1.2557639e+00
2.6915000e+02	1.5540800e+06	1.2577129e+00
2.7015000e+02	1.5576000e+06	1.2596679e+00
2.7115000e+02	1.5615600e+06	1.2616309e+00
2.7215000e+02	1.5655200e+06	1.2636037e+00
2.7315000e+02	1.5690400e+06	1.2655876e+00
2.7415000e+02	1.5736600e+06	1.2675747e+00
2.7515000e+02	1.5780600e+06	1.2695617e+00
2.7615000e+02	1.5809200e+06	1.2715480e+00
2.7715000e+02	1.5848800e+06	1.2735332e+00
2.7815000e+02	1.5886200e+06	1.2755166e+00
2.7915000e+02	1.5925800e+06	1.2774979e+00
2.8015000e+02	1.5961000e+06	1.2794765e+00
2.8115000e+02	1.5998400e+06	1.2814518e+00
2.8215000e+02	1.6033600e+06	1.2834235e+00
2.8315000e+02	1.6075400e+06	1.2853909e+00
2.8415000e+02	1.6119400e+06	1.2873536e+00
2.8515000e+02	1.6154600e+06	1.2893110e+00
2.8615000e+02	1.6196400e+06	1.2912627e+00
2.8715000e+02	1.6238200e+06	1.2932081e+00
2.8815000e+02	1.6269000e+06	1.2951467e+00
2.8915000e+02	1.6308600e+06	1.2970781e+00
2.9015000e+02	1.6343800e+06	1.2990017e+00
2.9115000e+02	1.6374600e+06	1.3009169e+00
2.9215000e+02	1.6412000e+06	1.3028234e+00
2.9315000e+02	1.6458200e+06	1.3047205e+00
2.9415000e+02	1.6491200e+06	1.3066078e+00
2.9515000e+02	1.6530800e+06	1.3084848e+00
2.9615000e+02	1.6557200e+06	1.3103509e+00
2.9715000e+02	1.6596800e+06	1.3122057e+00
2.9815000e+02	1.6636400e+06	1.3140485e+00
2.9915000e+02	1.6667200e+06	1.3158791e+00
3.0015000e+02	1.6700200e+06	1.3176967e+00
3.0115000e+02	1.6731000e+06	1.3195009e+00
3.0215000e+02	1.6766200e+06	1.3212913e+00
3.0315000e+02	1.6803600e+06	1.3230672e+00
3.0415000e+02	1.6834400e+06	1.3248282e+00
3.0515000e+02	1.6867400e+06	1.3265738e+00
3.0615000e+02	1.6893800e+06	1.3283034e+00
3.0715000e+02	1.6929000e+06	1.3300166e+00
3.0815000e+02	1.6955400e+06	1.3317128e+00
3.0915000e+02	1.6990600e+06	1.3333916e+00
3.1015000e+02	1.7021400e+06	1.3350523e+00
3.1115000e+02	1.7058800e+06	1.3366946e+00
3.1215000e+02	1.7087400e+06	1.3383193e+00
3.1315000e+02	1.7120400e+06	1.3399282e+00
3.1415000e+02	1.7151200e+06	1.3415219e+00
3.1515000e+02	1.7188600e+06	1.3431009e+00
3.1615000e+02	1.7223800e+06	1.3446657e+00
3.1715000e+02	1.7259000e+06	1.3462169e+00
3.1815000e+02	1.7292000e+06	1.3477549e+00
3.1915000e+02	1.7327200e+06	1.3492802e+00
3.2015000e+02	1.7362400e+06	1.3507934e+00
3.2115000e+02	1.7397600e+06	1.3522950e+00
3.2215000e+02	1.7435000e+06	1.3537854e+00
3.2315000e+02	1.7470200e+06	1.3552652e+00
3.2415000e+02	1.7501000e+06	1.3567349e+00
3.2515000e+02	1.7536200e+06	1.3581949e+00
3.2615000e+02	1.7571400e+06	1.3596459e+00
3.2715000e+02	1.7600000e+06	1.3610882e+00
3.2815000e+02	1.7633000e+06	1.3625225e+00
3.2915000e+02	1.7661600e+06	1.3639492e+00
3.3015000e+02	1.7694600e+06	1.3653688e+00
3.3115000e+02	1.7727600e+06	1.3667819e+00
3.3215000e+02	1.7758400e+06	1.3681889e+00
3.3315000e+02	1.7787000e+06	1.3695904e+00
3.3415000e+02	1.7817800e+06	1.3709868e+00
3.3515000e+02	1.7848600e+06	1.3723787e+00
3.3615000e+02	1.7877200e+06	1.3737666e+00
3.3715000e+02	1.7908000e+06	1.3751509e+00
3.3815000e+02	1.7936600e+06	1.3765322e+00
3.3915000e+02	1.7967400e+06	1.3779111e+00
3.4015000e+02	1.8000400e+06	1.3792879e+00
3.4115000e+02	1.8031200e+06	1.3806633e+00
3.4215000e+02	1.8064200e+06	1.3820377e+00
3.4315000e+02	1.8092800e+06	1.3834116e+00
3.4415000e+02	1.8121400e+06	1.3847856e+00
3.4515000e+02	1.8150000e+06	1.3861601e+00
3.4615000e+02	1.8174200e+06	1.3875356e+00
3.4715000e+02	1.8200600e+06	1.3889128e+00
3.4815000e+02	1.8231400e+06	1.3902919e+00
3.4915000e+02	1.8260000e+06	1.3916737e+00
3.5015000e+02	1.8288600e+06	1.3930586e+00
3.5115000e+02	1.8317200e+06	1.3944470e+00
3.5215000e+02	1.8343600e+06	1.3958378e+00
3.5315000e+02	1.8370000e+06	1.3972264e+00
3.5415000e+02	1.8400800e+06	1.3986127e+00
3.5515000e+02	1.8427200e+06	1.3999966e+00
3.5615000e+02	1.8453600e+06	1.4013781e+00
3.5715000e+02	1.8484400e+06	1.4027573e+00
3.5815000e+02	1.8513000e+06	1.4041341e+00
3.5915000e+02	1.8543800e+06	1.4055084e+00
3.6015000e+02	1.8570200e+06	1.4068804e+00
3.6115000e+02	1.8596600e+06	1.4082500e+00
3.6215000e+02	1.8623000e+06	1.4096171e+00
3.6315000e+02	1.8649400e+06	1.4109819e+00
3.6415000e+02	1.8673600e+06	1.4123442e+00
3.6515000e+02	1.8702200e+06	1.4137041e+00
3.6615000e+02	1.8728600e+06	1.4150615e+00
3.6715000e+02	1.8755000e+06	1.4164165e+00
3.6815000e+02	1.8781400e+06	1.4177691e+00
3.6915000e+02	1.8810000e+06	1.4191192e+00
3.7015000e+02	1.8836400e+06	1.4204668e+00
3.7115000e+02	1.8862800e+06	1.4218119e+00
3.7215000e+02	1.8889200e+06	1.4231546e+00
3.7315000e+02	1.8917800e+06	1.4244948e+00
3.7415000e+02	1.8944200e+06	1.4258325e+00
3.7515000e+02	1.8970600e+06	1.4271677e+00
3.7615000e+02	1.8997000e+06	1.4285004e+00
3.7715000e+02	1.9023400e+06	1.4298306e+00
3.7815000e+02	1.9047600e+06	1.4311583e+00
3.7915000e+02	1.9074000e+06	1.4324834e+00
3.8015000e+02	1.9098200e+06	1.4338060e+00
3.8115000e+02	1.9122400e+06	1.4351261e+00
3.8215000e+02	1.9146600e+06	1.4364436e+00
3.8315000e+02	1.9173000e+06	1.4377586e+00
3.8415000e+02	1.9197200e+06	1.4390710e+00
3.8515000e+02	1.9219200e+06	1.4403809e+00
3.8615000e+02	1.9245600e+06	1.4416882e+00
3.8715000e+02	1.9269800e+06	1.4429929e+00
3.8815000e+02	1.9294000e+06	1.4442950e+00
3.8915000e+02	1.9320400e+06	1.4455945e+00
3.9015000e+02	1.9344600e+06	1.4468915e+00
3.9115000e+02	1.9371000e+06	1.4481867e+00
3.9215000e+02	1.9397400e+06	1.4494827e+00
3.9315000e+02	1.9423800e+06	1.4507795e+00
3.9415000e+02	1.9450200e+06	1.4520767e+00
3.9515000e+02	1.9478800e+06	1.4533742e+00
3.9615000e+02	1.9505200e+06	1.4546716e+00
3.9715000e+02	1.9531600e+06	1.4559686e+00
3.9815000e+02	1.9555800e+06	1.4572649e+00
3.9915000e+02	1.9580000e+06	1.4585603e+00
4.0015000e+02	1.9606400e+06	1.4598544e+00
4.0115000e+02	1.9628400e+06	1.4611470e+00
4.0215000e+02	1.9652600e+06	1.4624378e+00
4.0315000e+02	1.9676800e+06	1.4637266e+00
4.0415000e+02	1.9698800e+06	1.4650129e+00
4.0515000e+02	1.9720800e+06	1.4662966e+00
4.0615000e+02	1.9747200e+06	1.4675773e+00
4.0715000e+02	1.9771400e+06	1.4688547e+00
4.0815000e+02	1.9791200e+06	1.4701287e+00
4.0915000e+02	1.9813200e+06	1.4713988e+00
4.1015000e+02	1.9837400e+06	1.4726649e+00
4.1115000e+02	1.9857200e+06	1.4739265e+00
4.1215000e+02	1.9879200e+06	1.4751835e+00
4.1315000e+02	1.9899000e+06	1.4764356e+00
4.1415000e+02	1.9921000e+06	1.4776824e+00
4.1515000e+02	1.9943000e+06	1.4789236e+00
4.1615000e+02	1.9962800e+06	1.4801591e+00
4.1715000e+02	1.9984800e+06	1.4813884e+00
4.1815000e+02	2.0004600e+06	1.4826114e+00
4.1915000e+02	2.0026600e+06	1.4838277e+00
4.2015000e+02	2.0048600e+06	1.4850371e+00
4.2115000e+02	2.0075000e+06	1.4862391e+00
4.2215000e+02	2.0101400e+06	1.4874337e+00
4.2315000e+02	2.0125600e+06	1.4886205e+00
4.2415000e+02	2.0152000e+06	1.4897991e+00
4.2515000e+02	2.0176200e+06	1.4909694e+00
4.2615000e+02	2.0200400e+06	1.4921310e+00
4.2715000e+02	2.0222400e+06	1.4932836e+00
4.2815000e+02	2.0244400e+06	1.4944270e+00
4.2915000e+02	2.0266400e+06	1.4955607e+00
4.3015000e+02	2.0286200e+06	1.4966846e+00
4.3115000e+02	2.0308200e+06	1.4977987e+00
4.3215000e+02	2.0328000e+06	1.4989035e+00
4.3315000e+02	2.0350000e+06	1.4999992e+00
4.3415000e+02	2.0369800e+06	1.5010860e+00
4.3515000e+02	2.0389600e+06	1.5021643e+00
4.3615000e+02	2.0409400e+06	1.5032344e+00
4.3715000e+02	2.0429200e+06	1.5042965e+00
4.3815000e+02	2.0446800e+06	1.5053510e+00
4.3915000e+02	2.0466600e+06	1.5063981e+00
4.4015000e+02	2.0486400e+06	1.5074380e+00
4.4115000e+02	2.0506200e+06	1.5084712e+00
4.4215000e+02	2.0526000e+06	1.5094979e+00
4.4315000e+02	2.0548000e+06	1.5105183e+00
4.4415000e+02	2.0570000e+06	1.5115328e+00
4.4515000e+02	2.0592000e+06	1.5125416e+00
4.4615000e+02	2.0614000e+06	1.5135450e+00
4.4715000e+02	2.0636000e+06	1.5145434e+00
4.4815000e+02	2.0660200e+06	1.5155370e+00
4.4915000e+02	2.0680000e+06	1.5165261e+00
4.5015000e+02	2.0702000e+06	1.5175109e+00
4.5115000e+02	2.0724000e+06	1.5184919e+00
4.5215000e+02	2.0743800e+06	1.5194692e+00
4.5315000e+02	2.0763600e+06	1.5204431e+00
4.5415000e+02	2.0783400e+06	1.5214140e+00
4.5515000e+02	2.0801000e+06	1.5223820e+00
4.5615000e+02	2.0816400e+06	1.5233476e+00
4.5715000e+02	2.0829600e+06	1.5243110e+00
4.5815000e+02	2.0847200e+06	1.5252725e+00
4.5915000e+02	2.0862600e+06	1.5262323e+00
4.6015000e+02	2.0878000e+06	1.5271908e+00
4.6115000e+02	2.0893400e+06	1.5281483e+00
4.6215000e+02	2.0911000e+06	1.5291049e+00
4.6315000e+02	2.0928600e+06	1.5300611e+00
4.6415000e+02	2.0948400e+06	1.5310171e+00
4.6515000e+02	2.0966000e+06	1.5319732e+00
4.6615000e+02	2.0985800e+06	1.5329297e+00
4.6715000e+02	2.1001200e+06	1.5338868e+00
4.6815000e+02	2.1021000e+06	1.5348449e+00
4.6915000e+02	2.1040800e+06	1.5358043e+00
4.7015000e+02	2.1062800e+06	1.5367651e+00
4.7115000e+02	2.1082600e+06	1.5377278e+00
4.7215000e+02	2.1104600e+06	1.5386926e+00
4.7315000e+02	2.1124400e+06	1.5396598e+00
4.7415000e+02	2.1146400e+06	1.5406297e+00
4.7515000e+02	2.1166200e+06	1.5416026e+00
4.7615000e+02	2.1186000e+06	1.5425787e+00
4.7715000e+02	2.1203600e+06	1.5435583e+00
4.7815000e+02	2.1221200e+06	1.5445418e+00
4.7915000e+02	2.1236600e+06	1.5455294e+00
4.8015000e+02	2.1254200e+06	1.5465214e+00
4.8115000e+02	2.1267400e+06	1.5475181e+00
4.8215000e+02	2.1280600e+06	1.5485198e+00
4.8315000e+02	2.1291600e+06	1.5495268e+00
4.8415000e+02	2.1302600e+06	1.5505393e+00
4.8515000e+02	2.1313600e+06	1.5515576e+00
4.8615000e+02	2.1329000e+06	1.5525821e+00
4.8715000e+02	2.1344400e+06	1.5536130e+00
4.8815000e+02	2.1359800e+06	1.5546507e+00
4.8915000e+02	2.1375200e+06	1.5556953e+00
4.9015000e+02	2.1392800e+06	1.5567472e+00
4.9115000e+02	2.1410400e+06	1.5578066e+00
4.9215000e+02	2.1428000e+06	1.5588740e+00
4.9315000e+02	2.1443400e+06	1.5599494e+00
4.9415000e+02	2.1461000e+06	1.5610333e+00
4.9515000e+02	2.1476400e+06	1.5621259e+00
4.9615000e+02	2.1491800e+06	1.5632276e+00
4.9715000e+02	2.1507200e+06	1.5643385e+00
4.9815000e+02	2.1522600e+06	1.5654590e+00
4.9915000e+02	2.1540200e+06	1.5665893e+00
5.0015000e+02	2.1555600e+06	1.5677299e+00
5.0115000e+02	2.1571000e+06	1.5688808e+00
5.0215000e+02	2.1586400e+06	1.5700483e+00
5.0315000e+02	2.1599600e+06	1.5712477e+00
5.0415000e+02	2.1615000e+06	1.5724781e+00
5.0515000e+02	2.1628200e+06	1.5737377e+00
5.0615000e+02	2.1643600e+06	1.5750249e+00
5.0715000e+02	2.1659000e+06	1.5763378e+00
5.0815000e+02	2.1674400e+06	1.5776746e+00
5.0915000e+02	2.1687600e+06	1.5790336e+00
5.1015000e+02	2.1703000e+06	1.5804130e+00
5.1115000e+02	2.1716200e+06	1.5818110e+00
5.1215000e+02	2.1729400e+06	1.5832259e+00
5.1315000e+02	2.1742600e+06	1.5846558e+00
5.1415000e+02	2.1758000e+06	1.5860990e+00
5.1515000e+02	2.1773400e+06	1.5875538e+00
5.1615000e+02	2.1786600e+06	1.5890182e+00
5.1715000e+02	2.1797600e+06	1.5904907e+00
5.1815000e+02	2.1810800e+06	1.5919693e+00
5.1915000e+02	2.1826200e+06	1.5934523e+00
5.2015000e+02	2.1841600e+06	1.5949380e+00
5.2115000e+02	2.1859200e+06	1.5964245e+00
5.2215000e+02	2.1874600e+06	1.5979101e+00
5.2315000e+02	2.1887800e+06	1.5993930e+00
5.2415000e+02	2.1901000e+06	1.6008715e+00
5.2515000e+02	2.1914200e+06	1.6023436e+00
5.2615000e+02	2.1927400e+06	1.6038078e+00
5.2715000e+02	2.1942800e+06	1.6052622e+00
5.2815000e+02	2.1958200e+06	1.6067050e+00
5.2915000e+02	2.1971400e+06	1.6081345e+00
5.3015000e+02	2.1984600e+06	1.6095488e+00
5.3115000e+02	2.1997800e+06	1.6109462e+00
5.3215000e+02	2.2000000e+06	1.6123249e+00
5.3315000e+02	2.2022000e+06	1.6136832e+00
5.3415000e+02	2.2044000e+06	1.6150193e+00
5.3515000e+02	2.2044000e+06	1.6163314e+00
5.3615000e+02	2.2066000e+06	1.6176176e+00
5.3715000e+02	2.2066000e+06	1.6188763e+00
5.3815000e+02	2.2088000e+06	1.6201057e+00
5.3915000e+02	2.2110000e+06	1.6213040e+00
5.4015000e+02	2.2110000e+06	1.6224694e+00
5.4115000e+02	2.2132000e+06	1.6236001e+00
5.4215000e+02	2.2154000e+06	1.6246944e+00
5.4315000e+02	2.2154000e+06	1.6257505e+00
5.4415000e+02	2.2176000e+06	1.6267665e+00
5.4515000e+02	2.2198000e+06	1.6277408e+00
5.4615000e+02	2.2220000e+06	1.6286716e+00
5.4715000e+02	2.2220000e+06	1.6295571e+00
5.4815000e+02	2.2242000e+06	1.6303986e+00
5.4915000e+02	2.2264000e+06	1.6312203e+00
5.5015000e+02	2.2264000e+06	1.6320278e+00
5.5115000e+02	2.2286000e+06	1.6328215e+00
5.5215000e+02	2.2308000e+06	1.6336016e+00
5.5315000e+02	2.2308000e+06	1.6343685e+00
5.5415000e+02	2.2330000e+06	1.6351225e+00
5.5515000e+02	2.2330000e+06	1.6358637e+00
5.5615000e+02	2.2352000e+06	1.6365927e+00
5.5715000e+02	2.2374000e+06	1.6373096e+00
5.5815000e+02	2.2374000e+06	1.6380148e+00
5.5915000e+02	2.2396000e+06	1.6387085e+00
5.6015000e+02	2.2418000e+06	1.6393911e+00
5.6115000e+02	2.2418000e+06	1.6400628e+00
5.6215000e+02	2.2440000e+06	1.6407241e+00
5.6315000e+02	2.2462000e+06	1.6413751e+00
5.6415000e+02	2.2462000e+06	1.6420161e+00
5.6515000e+02	2.2484000e+06	1.6426476e+00
5.6615000e+02	2.2506000e+06	1.6432697e+00
5.6715000e+02	2.2506000e+06	1.6438828e+00
5.6815000e+02	2.2528000e+06	1.6444872e+00
5.6915000e+02	2.2528000e+06	1.6450832e+00
5.7015000e+02	2.2550000e+06	1.6456711e+00
5.7115000e+02	2.2550000e+06	1.6462511e+00
5.7215000e+02	2.2572000e+06	1.6468237e+00
5.7315000e+02	2.2572000e+06	1.6473890e+00
5.7415000e+02	2.2594000e+06	1.6479474e+00
5.7515000e+02	2.2594000e+06	1.6484993e+00
5.7615000e+02	2.2616000e+06	1.6490448e+00
5.7715000e+02	2.2638000e+06	1.6495843e+00
5.7815000e+02	2.2638000e+06	1.6501182e+00
5.7915000e+02	2.2660000e+06	1.6506466e+00
5.8015000e+02	2.2660000e+06	1.6511700e+00
5.8115000e+02	2.2682000e+06	1.6516886e+00
5.8215000e+02	2.2682000e+06	1.6522027e+00
5.8315000e+02	2.2704000e+06	1.6527126e+00
5.8415000e+02	2.2704000e+06	1.6532186e+00
5.8515000e+02	2.2726000e+06	1.6537210e+00
5.8615000e+02	2.2726000e+06	1.6542202e+00
5.8715000e+02	2.2748000e+06	1.6547164e+00
5.8815000e+02	2.2748000e+06	1.6552099e+00
5.8915000e+02	2.2770000e+06	1.6557011e+00
5.9015000e+02	2.2770000e+06	1.6561901e+00
5.9115000e+02	2.2770000e+06	1.6566775e+00
5.9215000e+02	2.2792000e+06	1.6571633e+00
5.9315000e+02	2.2792000e+06	1.6576480e+00
5.9415000e+02	2.2792000e+06	1.6581318e+00
5.9515000e+02	2.2814000e+06	1.6586151e+00
5.9615000e+02	2.2814000e+06	1.6590981e+00
5.9715000e+02	2.2836000e+06	1.6595812e+00
5.9815000e+02	2.2858000e+06	1.6600646e+00
5.9915000e+02	2.2858000e+06	1.6605487e+00
6.0015000e+02	2.2880000e+06	1.6610337e+00
6.0115000e+02	2.2880000e+06	1.6615200e+00
6.0215000e+02	2.2902000e+06	1.6620079e+00
6.0315000e+02	2.2924000e+06	1.6624976e+00
6.0415000e+02	2.2924000e+06	1.6629894e+00
6.0515000e+02	2.2924000e+06	1.6634838e+00
6.0615000e+02	2.2946000e+06	1.6639809e+00
6.0715000e+02	2.2946000e+06	1.6644810e+00
6.0815000e+02	2.2968000e+06	1.6649846e+00
6.0915000e+02	2.2968000e+06	1.6654918e+00
6.1015000e+02	2.2990000e+06	1.6660030e+00
6.1115000e+02	2.2990000e+06	1.6665185e+00
6.1215000e+02	2.2990000e+06	1.6670385e+00
6.1315000e+02	2.3012000e+06	1.6675635e+00
6.1415000e+02	2.3012000e+06	1.6680936e+00
6.1515000e+02	2.3034000e+06	1.6686292e+00
6.1615000e+02	2.3056000e+06	1.6691706e+00
6.1715000e+02	2.3056000e+06	1.6697181e+00
6.1815000e+02	2.3078000e+06	1.6702720e+00
6.1915000e+02	2.3078000e+06	1.6708326e+00
6.2015000e+02	2.3100000e+06	1.6714002e+00
6.2115000e+02	2.3122000e+06	1.6719751e+00
6.2215000e+02	2.3122000e+06	1.6725576e+00
6.2315000e+02	2.3144000e+06	1.6731480e+00
6.2415000e+02	2.3144000e+06	1.6737466e+00
6.2515000e+02	2.3166000e+06	1.6743537e+00
6.2615000e+02	2.3166000e+06	1.6749696e+00
6.2715000e+02	2.3166000e+06	1.6755947e+00
6.2815000e+02	2.3188000e+06	1.6762292e+00
6.2915000e+02	2.3188000e+06	1.6768733e+00
6.3015000e+02	2.3188000e+06	1.6775276e+00
