---
source: "Amorphous SiO2. Data source: thermophysical properties of matter vol.5 curve 6 plus curve5, cahill 3w paper"
author: "Jia"
---

T (K)	rho_cp (J/m^3K)	S (W/mK)
6.0000000e+01	2.8411515e+05	4.1488278e-01
6.1000000e+01	2.9227554e+05	4.2192544e-01
6.2000000e+01	3.0040656e+05	4.2892454e-01
6.3000000e+01	3.0850841e+05	4.3588033e-01
6.4000000e+01	3.1658127e+05	4.4279306e-01
6.5000000e+01	3.2462531e+05	4.4966299e-01
6.6000000e+01	3.3264071e+05	4.5649036e-01
6.7000000e+01	3.4062763e+05	4.6327544e-01
6.8000000e+01	3.4858627e+05	4.7001846e-01
6.9000000e+01	3.5651677e+05	4.7671968e-01
7.0000000e+01	3.6441933e+05	4.8337934e-01
7.1000000e+01	3.7229409e+05	4.8999769e-01
7.2000000e+01	3.8014124e+05	4.9657497e-01
7.3000000e+01	3.8796093e+05	5.0311144e-01
7.4000000e+01	3.9575332e+05	5.0960733e-01
7.5000000e+01	4.0351859e+05	5.1606288e-01
7.6000000e+01	4.1125688e+05	5.2247833e-01
7.7000000e+01	4.1896836e+05	5.2885393e-01
7.8000000e+01	4.2665319e+05	5.3518992e-01
7.9000000e+01	4.3431151e+05	5.4148652e-01
8.0000000e+01	4.4194349e+05	5.4774399e-01
8.1000000e+01	4.4954927e+05	5.5396255e-01
8.2000000e+01	4.5712902e+05	5.6014243e-01
8.3000000e+01	4.6468287e+05	5.6628389e-01
8.4000000e+01	4.7221098e+05	5.7238713e-01
8.5000000e+01	4.7971349e+05	5.7845241e-01
8.6000000e+01	4.8719054e+05	5.8447994e-01
8.7000000e+01	4.9464229e+05	5.9046996e-01
8.8000000e+01	5.0206888e+05	5.9642269e-01
8.9000000e+01	5.0947044e+05	6.0233838e-01
9.0000000e+01	5.1684712e+05	6.0821723e-01
9.1000000e+01	5.2419905e+05	6.1405947e-01
9.2000000e+01	5.3152637e+05	6.1986534e-01
9.3000000e+01	5.3882922e+05	6.2563506e-01
9.4000000e+01	5.4610774e+05	6.3136884e-01
9.5000000e+01	5.5336204e+05	6.3706691e-01
9.6000000e+01	5.6059228e+05	6.4272949e-01
9.7000000e+01	5.6779857e+05	6.4835680e-01
9.8000000e+01	5.7498105e+05	6.5394905e-01
9.9000000e+01	5.8213984e+05	6.5950647e-01
1.0000000e+02	5.8927508e+05	6.6502928e-01
1.0100000e+02	5.9638688e+05	6.7051768e-01
1.0200000e+02	6.0347537e+05	6.7597190e-01
1.0300000e+02	6.1054068e+05	6.8139214e-01
1.0400000e+02	6.1758292e+05	6.8677862e-01
1.0500000e+02	6.2460221e+05	6.9213155e-01
1.0600000e+02	6.3159869e+05	6.9745114e-01
1.0700000e+02	6.3857245e+05	7.0273761e-01
1.0800000e+02	6.4552363e+05	7.0799116e-01
1.0900000e+02	6.5245233e+05	7.1321199e-01
1.1000000e+02	6.5935867e+05	7.1840032e-01
1.1100000e+02	6.6624276e+05	7.2355635e-01
1.1200000e+02	6.7310472e+05	7.2868029e-01
1.1300000e+02	6.7994466e+05	7.3377234e-01
1.1400000e+02	6.8676268e+05	7.3883270e-01
1.1500000e+02	6.9355890e+05	7.4386158e-01
1.1600000e+02	7.0033342e+05	7.4885917e-01
1.1700000e+02	7.0708635e+05	7.5382568e-01
1.1800000e+02	7.1381780e+05	7.5876131e-01
1.1900000e+02	7.2052786e+05	7.6366626e-01
1.2000000e+02	7.2721664e+05	7.6854071e-01
1.2100000e+02	7.3388425e+05	7.7338488e-01
1.2200000e+02	7.4053079e+05	7.7819895e-01
1.2300000e+02	7.4715635e+05	7.8298312e-01
1.2400000e+02	7.5376103e+05	7.8773758e-01
1.2500000e+02	7.6034494e+05	7.9246253e-01
1.2600000e+02	7.6690817e+05	7.9715816e-01
1.2700000e+02	7.7345081e+05	8.0182465e-01
1.2800000e+02	7.7997296e+05	8.0646220e-01
1.2900000e+02	7.8647471e+05	8.1107100e-01
1.3000000e+02	7.9295616e+05	8.1565124e-01
1.3100000e+02	7.9941740e+05	8.2020310e-01
1.3200000e+02	8.0585852e+05	8.2472677e-01
1.3300000e+02	8.1227961e+05	8.2922243e-01
1.3400000e+02	8.1868075e+05	8.3369027e-01
1.3500000e+02	8.2506205e+05	8.3813048e-01
1.3600000e+02	8.3142357e+05	8.4254323e-01
1.3700000e+02	8.3776542e+05	8.4692871e-01
1.3800000e+02	8.4408767e+05	8.5128710e-01
1.3900000e+02	8.5039040e+05	8.5561858e-01
1.4000000e+02	8.5667372e+05	8.5992332e-01
1.4100000e+02	8.6293768e+05	8.6420151e-01
1.4200000e+02	8.6918238e+05	8.6845333e-01
1.4300000e+02	8.7540790e+05	8.7267894e-01
1.4400000e+02	8.8161432e+05	8.7687853e-01
1.4500000e+02	8.8780171e+05	8.8105227e-01
1.4600000e+02	8.9397016e+05	8.8520033e-01
1.4700000e+02	9.0011973e+05	8.8932289e-01
1.4800000e+02	9.0625052e+05	8.9342012e-01
1.4900000e+02	9.1236258e+05	8.9749219e-01
1.5000000e+02	9.1845601e+05	9.0153927e-01
1.5100000e+02	9.2453087e+05	9.0556152e-01
1.5200000e+02	9.3058723e+05	9.0955913e-01
1.5300000e+02	9.3662517e+05	9.1353225e-01
1.5400000e+02	9.4264475e+05	9.1748106e-01
1.5500000e+02	9.4864606e+05	9.2140572e-01
1.5600000e+02	9.5462915e+05	9.2530639e-01
1.5700000e+02	9.6059411e+05	9.2918324e-01
1.5800000e+02	9.6654099e+05	9.3303643e-01
1.5900000e+02	9.7246986e+05	9.3686612e-01
1.6000000e+02	9.7838079e+05	9.4067248e-01
1.6100000e+02	9.8427386e+05	9.4445567e-01
1.6200000e+02	9.9014911e+05	9.4821585e-01
1.6300000e+02	9.9600662e+05	9.5195317e-01
1.6400000e+02	1.0018465e+06	9.5566779e-01
1.6500000e+02	1.0076687e+06	9.5935988e-01
1.6600000e+02	1.0134733e+06	9.6302959e-01
1.6700000e+02	1.0192605e+06	9.6667708e-01
1.6800000e+02	1.0250302e+06	9.7030249e-01
1.6900000e+02	1.0307826e+06	9.7390599e-01
1.7000000e+02	1.0365177e+06	9.7748772e-01
1.7100000e+02	1.0422355e+06	9.8104785e-01
1.7200000e+02	1.0479361e+06	9.8458652e-01
1.7300000e+02	1.0536196e+06	9.8810388e-01
1.7400000e+02	1.0592860e+06	9.9160008e-01
1.7500000e+02	1.0649354e+06	9.9507528e-01
1.7600000e+02	1.0705678e+06	9.9852961e-01
1.7700000e+02	1.0761833e+06	1.0019632e+00
1.7800000e+02	1.0817819e+06	1.0053763e+00
1.7900000e+02	1.0873637e+06	1.0087689e+00
1.8000000e+02	1.0929288e+06	1.0121413e+00
1.8100000e+02	1.0984772e+06	1.0154935e+00
1.8200000e+02	1.1040090e+06	1.0188258e+00
1.8300000e+02	1.1095241e+06	1.0221382e+00
1.8400000e+02	1.1150228e+06	1.0254309e+00
1.8500000e+02	1.1205049e+06	1.0287041e+00
1.8600000e+02	1.1259706e+06	1.0319578e+00
1.8700000e+02	1.1314198e+06	1.0351923e+00
1.8800000e+02	1.1368528e+06	1.0384076e+00
1.8900000e+02	1.1422694e+06	1.0416039e+00
1.9000000e+02	1.1476698e+06	1.0447814e+00
1.9100000e+02	1.1530540e+06	1.0479401e+00
1.9200000e+02	1.1584220e+06	1.0510802e+00
1.9300000e+02	1.1637740e+06	1.0542019e+00
1.9400000e+02	1.1691098e+06	1.0573052e+00
1.9500000e+02	1.1744297e+06	1.0603904e+00
1.9600000e+02	1.1797335e+06	1.0634575e+00
1.9700000e+02	1.1850215e+06	1.0665067e+00
1.9800000e+02	1.1902935e+06	1.0695381e+00
1.9900000e+02	1.1955497e+06	1.0725518e+00
2.0000000e+02	1.2007901e+06	1.0755480e+00
2.0100000e+02	1.2060148e+06	1.0785268e+00
2.0200000e+02	1.2112237e+06	1.0814883e+00
2.0300000e+02	1.2164169e+06	1.0844327e+00
2.0400000e+02	1.2215945e+06	1.0873601e+00
2.0500000e+02	1.2267565e+06	1.0902705e+00
2.0600000e+02	1.2319030e+06	1.0931642e+00
2.0700000e+02	1.2370339e+06	1.0960412e+00
2.0800000e+02	1.2421493e+06	1.0989018e+00
2.0900000e+02	1.2472493e+06	1.1017459e+00
2.1000000e+02	1.2523339e+06	1.1045737e+00
2.1100000e+02	1.2574032e+06	1.1073854e+00
2.1200000e+02	1.2624571e+06	1.1101811e+00
2.1300000e+02	1.2674957e+06	1.1129608e+00
2.1400000e+02	1.2725190e+06	1.1157248e+00
2.1500000e+02	1.2775271e+06	1.1184730e+00
2.1600000e+02	1.2825201e+06	1.1212058e+00
2.1700000e+02	1.2874978e+06	1.1239230e+00
2.1800000e+02	1.2924605e+06	1.1266250e+00
2.1900000e+02	1.2974081e+06	1.1293117e+00
2.2000000e+02	1.3023406e+06	1.1319834e+00
2.2100000e+02	1.3072582e+06	1.1346400e+00
2.2200000e+02	1.3121607e+06	1.1372818e+00
2.2300000e+02	1.3170483e+06	1.1399089e+00
2.2400000e+02	1.3219210e+06	1.1425213e+00
2.2500000e+02	1.3267787e+06	1.1451192e+00
2.2600000e+02	1.3316217e+06	1.1477027e+00
2.2700000e+02	1.3364498e+06	1.1502718e+00
2.2800000e+02	1.3412631e+06	1.1528268e+00
2.2900000e+02	1.3460617e+06	1.1553677e+00
2.3000000e+02	1.3508455e+06	1.1578946e+00
2.3100000e+02	1.3556146e+06	1.1604076e+00
2.3200000e+02	1.3603691e+06	1.1629069e+00
2.3300000e+02	1.3651089e+06	1.1653925e+00
2.3400000e+02	1.3698341e+06	1.1678645e+00
2.3500000e+02	1.3745447e+06	1.1703231e+00
2.3600000e+02	1.3792408e+06	1.1727683e+00
2.3700000e+02	1.3839223e+06	1.1752003e+00
2.3800000e+02	1.3885894e+06	1.1776192e+00
2.3900000e+02	1.3932419e+06	1.1800250e+00
2.4000000e+02	1.3978801e+06	1.1824179e+00
2.4100000e+02	1.4025038e+06	1.1847980e+00
2.4200000e+02	1.4071131e+06	1.1871653e+00
2.4300000e+02	1.4117080e+06	1.1895200e+00
2.4400000e+02	1.4162887e+06	1.1918621e+00
2.4500000e+02	1.4208550e+06	1.1941919e+00
2.4600000e+02	1.4254070e+06	1.1965092e+00
2.4700000e+02	1.4299448e+06	1.1988143e+00
2.4800000e+02	1.4344683e+06	1.2011073e+00
2.4900000e+02	1.4389777e+06	1.2033882e+00
2.5000000e+02	1.4434728e+06	1.2056572e+00
2.5100000e+02	1.4479538e+06	1.2079143e+00
2.5200000e+02	1.4524206e+06	1.2101596e+00
2.5300000e+02	1.4568734e+06	1.2123933e+00
2.5400000e+02	1.4613120e+06	1.2146154e+00
2.5500000e+02	1.4657366e+06	1.2168259e+00
2.5600000e+02	1.4701472e+06	1.2190251e+00
2.5700000e+02	1.4745437e+06	1.2212130e+00
2.5800000e+02	1.4789263e+06	1.2233896e+00
2.5900000e+02	1.4832949e+06	1.2255551e+00
2.6000000e+02	1.4876495e+06	1.2277096e+00
2.6100000e+02	1.4919902e+06	1.2298531e+00
2.6200000e+02	1.4963170e+06	1.2319857e+00
2.6300000e+02	1.5006300e+06	1.2341076e+00
2.6400000e+02	1.5049290e+06	1.2362188e+00
2.6500000e+02	1.5092143e+06	1.2383193e+00
2.6600000e+02	1.5134857e+06	1.2404093e+00
2.6700000e+02	1.5177433e+06	1.2424889e+00
2.6800000e+02	1.5219872e+06	1.2445582e+00
2.6900000e+02	1.5262173e+06	1.2466171e+00
2.7000000e+02	1.5304337e+06	1.2486659e+00
2.7100000e+02	1.5346364e+06	1.2507045e+00
2.7200000e+02	1.5388254e+06	1.2527332e+00
2.7300000e+02	1.5430007e+06	1.2547519e+00
2.7400000e+02	1.5471624e+06	1.2567607e+00
2.7500000e+02	1.5513105e+06	1.2587597e+00
2.7600000e+02	1.5554449e+06	1.2607490e+00
2.7700000e+02	1.5595658e+06	1.2627287e+00
2.7800000e+02	1.5636731e+06	1.2646989e+00
2.7900000e+02	1.5677669e+06	1.2666595e+00
2.8000000e+02	1.5718472e+06	1.2686108e+00
2.8100000e+02	1.5759139e+06	1.2705528e+00
2.8200000e+02	1.5799672e+06	1.2724855e+00
2.8300000e+02	1.5840069e+06	1.2744090e+00
2.8400000e+02	1.5880333e+06	1.2763235e+00
2.8500000e+02	1.5920462e+06	1.2782289e+00
2.8600000e+02	1.5960457e+06	1.2801253e+00
2.8700000e+02	1.6000318e+06	1.2820129e+00
2.8800000e+02	1.6040046e+06	1.2838917e+00
2.8900000e+02	1.6079640e+06	1.2857618e+00
2.9000000e+02	1.6119101e+06	1.2876232e+00
2.9100000e+02	1.6158428e+06	1.2894760e+00
2.9200000e+02	1.6197623e+06	1.2913203e+00
2.9300000e+02	1.6236685e+06	1.2931561e+00
2.9400000e+02	1.6275614e+06	1.2949836e+00
2.9500000e+02	1.6314411e+06	1.2968028e+00
2.9600000e+02	1.6353076e+06	1.2986137e+00
2.9700000e+02	1.6391609e+06	1.3004164e+00
2.9800000e+02	1.6430010e+06	1.3022110e+00
2.9900000e+02	1.6468279e+06	1.3039976e+00
3.0000000e+02	1.6506417e+06	1.3057762e+00
3.0100000e+02	1.6544423e+06	1.3075469e+00
3.0200000e+02	1.6582298e+06	1.3093097e+00
3.0300000e+02	1.6620043e+06	1.3110647e+00
3.0400000e+02	1.6657657e+06	1.3128121e+00
3.0500000e+02	1.6695140e+06	1.3145517e+00
3.0600000e+02	1.6732492e+06	1.3162838e+00
3.0700000e+02	1.6769715e+06	1.3180084e+00
3.0800000e+02	1.6806807e+06	1.3197255e+00
3.0900000e+02	1.6843770e+06	1.3214351e+00
3.1000000e+02	1.6880603e+06	1.3231375e+00
3.1100000e+02	1.6917306e+06	1.3248325e+00
3.1200000e+02	1.6953880e+06	1.3265203e+00
3.1300000e+02	1.6990325e+06	1.3282009e+00
3.1400000e+02	1.7026641e+06	1.3298745e+00
3.1500000e+02	1.7062829e+06	1.3315409e+00
3.1600000e+02	1.7098887e+06	1.3332004e+00
3.1700000e+02	1.7134817e+06	1.3348530e+00
3.1800000e+02	1.7170619e+06	1.3364986e+00
3.1900000e+02	1.7206293e+06	1.3381375e+00
3.2000000e+02	1.7241839e+06	1.3397696e+00
3.2100000e+02	1.7277257e+06	1.3413949e+00
3.2200000e+02	1.7312547e+06	1.3430136e+00
3.2300000e+02	1.7347710e+06	1.3446257e+00
3.2400000e+02	1.7382746e+06	1.3462313e+00
3.2500000e+02	1.7417655e+06	1.3478304e+00
3.2600000e+02	1.7452437e+06	1.3494230e+00
3.2700000e+02	1.7487093e+06	1.3510092e+00
3.2800000e+02	1.7521621e+06	1.3525891e+00
3.2900000e+02	1.7556024e+06	1.3541627e+00
3.3000000e+02	1.7590300e+06	1.3557301e+00
3.3100000e+02	1.7624451e+06	1.3572912e+00
3.3200000e+02	1.7658475e+06	1.3588463e+00
3.3300000e+02	1.7692374e+06	1.3603952e+00
3.3400000e+02	1.7726148e+06	1.3619382e+00
3.3500000e+02	1.7759796e+06	1.3634751e+00
3.3600000e+02	1.7793319e+06	1.3650061e+00
3.3700000e+02	1.7826717e+06	1.3665312e+00
3.3800000e+02	1.7859991e+06	1.3680505e+00
3.3900000e+02	1.7893140e+06	1.3695640e+00
3.4000000e+02	1.7926165e+06	1.3710717e+00
3.4100000e+02	1.7959065e+06	1.3725738e+00
3.4200000e+02	1.7991841e+06	1.3740701e+00
3.4300000e+02	1.8024494e+06	1.3755609e+00
3.4400000e+02	1.8057023e+06	1.3770461e+00
3.4500000e+02	1.8089428e+06	1.3785258e+00
3.4600000e+02	1.8121711e+06	1.3800000e+00
3.4700000e+02	1.8153870e+06	1.3814687e+00
3.4800000e+02	1.8185906e+06	1.3829321e+00
3.4900000e+02	1.8217820e+06	1.3843901e+00
3.5000000e+02	1.8249610e+06	1.3858429e+00
3.5100000e+02	1.8281279e+06	1.3872903e+00
3.5200000e+02	1.8312825e+06	1.3887326e+00
3.5300000e+02	1.8344250e+06	1.3901697e+00
3.5400000e+02	1.8375553e+06	1.3916016e+00
3.5500000e+02	1.8406734e+06	1.3930284e+00
3.5600000e+02	1.8437793e+06	1.3944502e+00
3.5700000e+02	1.8468732e+06	1.3958670e+00
3.5800000e+02	1.8499549e+06	1.3972787e+00
3.5900000e+02	1.8530245e+06	1.3986856e+00
3.6000000e+02	1.8560821e+06	1.4000875e+00
3.6100000e+02	1.8591276e+06	1.4014846e+00
3.6200000e+02	1.8621611e+06	1.4028769e+00
3.6300000e+02	1.8651826e+06	1.4042643e+00
3.6400000e+02	1.8681921e+06	1.4056470e+00
3.6500000e+02	1.8711897e+06	1.4070250e+00
3.6600000e+02	1.8741753e+06	1.4083984e+00
3.6700000e+02	1.8771489e+06	1.4097671e+00
3.6800000e+02	1.8801107e+06	1.4111311e+00
3.6900000e+02	1.8830605e+06	1.4124907e+00
3.7000000e+02	1.8859985e+06	1.4138456e+00
3.7100000e+02	1.8889246e+06	1.4151961e+00
3.7200000e+02	1.8918389e+06	1.4165421e+00
3.7300000e+02	1.8947414e+06	1.4178837e+00
3.7400000e+02	1.8976321e+06	1.4192209e+00
3.7500000e+02	1.9005111e+06	1.4205537e+00
3.7600000e+02	1.9033782e+06	1.4218822e+00
3.7700000e+02	1.9062337e+06	1.4232063e+00
3.7800000e+02	1.9090774e+06	1.4245262e+00
3.7900000e+02	1.9119095e+06	1.4258419e+00
3.8000000e+02	1.9147299e+06	1.4271534e+00
3.8100000e+02	1.9175386e+06	1.4284607e+00
3.8200000e+02	1.9203357e+06	1.4297638e+00
3.8300000e+02	1.9231212e+06	1.4310628e+00
3.8400000e+02	1.9258951e+06	1.4323578e+00
3.8500000e+02	1.9286575e+06	1.4336487e+00
3.8600000e+02	1.9314083e+06	1.4349355e+00
3.8700000e+02	1.9341476e+06	1.4362184e+00
3.8800000e+02	1.9368754e+06	1.4374973e+00
3.8900000e+02	1.9395917e+06	1.4387723e+00
3.9000000e+02	1.9422966e+06	1.4400433e+00
3.9100000e+02	1.9449900e+06	1.4413105e+00
3.9200000e+02	1.9476720e+06	1.4425738e+00
3.9300000e+02	1.9503427e+06	1.4438333e+00
3.9400000e+02	1.9530019e+06	1.4450890e+00
3.9500000e+02	1.9556498e+06	1.4463409e+00
3.9600000e+02	1.9582864e+06	1.4475890e+00
3.9700000e+02	1.9609117e+06	1.4488335e+00
3.9800000e+02	1.9635257e+06	1.4500742e+00
3.9900000e+02	1.9661285e+06	1.4513113e+00
4.0000000e+02	1.9687200e+06	1.4525447e+00
4.0100000e+02	1.9713004e+06	1.4537745e+00
4.0200000e+02	1.9738695e+06	1.4550007e+00
4.0300000e+02	1.9764275e+06	1.4562233e+00
4.0400000e+02	1.9789743e+06	1.4574424e+00
4.0500000e+02	1.9815100e+06	1.4586579e+00
4.0600000e+02	1.9840346e+06	1.4598699e+00
4.0700000e+02	1.9865482e+06	1.4610785e+00
4.0800000e+02	1.9890507e+06	1.4622836e+00
4.0900000e+02	1.9915422e+06	1.4634853e+00
4.1000000e+02	1.9940227e+06	1.4646835e+00
4.1100000e+02	1.9964922e+06	1.4658784e+00
4.1200000e+02	1.9989507e+06	1.4670699e+00
4.1300000e+02	2.0013984e+06	1.4682580e+00
4.1400000e+02	2.0038351e+06	1.4694429e+00
4.1500000e+02	2.0062610e+06	1.4706244e+00
4.1600000e+02	2.0086760e+06	1.4718026e+00
4.1700000e+02	2.0110801e+06	1.4729776e+00
4.1800000e+02	2.0134735e+06	1.4741493e+00
4.1900000e+02	2.0158561e+06	1.4753178e+00
4.2000000e+02	2.0182279e+06	1.4764831e+00
4.2100000e+02	2.0205890e+06	1.4776452e+00
4.2200000e+02	2.0229394e+06	1.4788041e+00
4.2300000e+02	2.0252792e+06	1.4799599e+00
4.2400000e+02	2.0276082e+06	1.4811126e+00
4.2500000e+02	2.0299267e+06	1.4822621e+00
4.2600000e+02	2.0322345e+06	1.4834086e+00
4.2700000e+02	2.0345318e+06	1.4845520e+00
4.2800000e+02	2.0368185e+06	1.4856923e+00
4.2900000e+02	2.0390947e+06	1.4868296e+00
4.3000000e+02	2.0413604e+06	1.4879638e+00
4.3100000e+02	2.0436156e+06	1.4890951e+00
4.3200000e+02	2.0458604e+06	1.4902234e+00
4.3300000e+02	2.0480948e+06	1.4913487e+00
4.3400000e+02	2.0503188e+06	1.4924710e+00
4.3500000e+02	2.0525324e+06	1.4935904e+00
4.3600000e+02	2.0547356e+06	1.4947069e+00
4.3700000e+02	2.0569286e+06	1.4958205e+00
4.3800000e+02	2.0591113e+06	1.4969312e+00
4.3900000e+02	2.0612837e+06	1.4980390e+00
4.4000000e+02	2.0634459e+06	1.4991439e+00
4.4100000e+02	2.0655979e+06	1.5002460e+00
4.4200000e+02	2.0677397e+06	1.5013453e+00
4.4300000e+02	2.0698713e+06	1.5024418e+00
4.4400000e+02	2.0719929e+06	1.5035354e+00
4.4500000e+02	2.0741044e+06	1.5046263e+00
4.4600000e+02	2.0762057e+06	1.5057144e+00
4.4700000e+02	2.0782971e+06	1.5067997e+00
4.4800000e+02	2.0803785e+06	1.5078823e+00
4.4900000e+02	2.0824498e+06	1.5089621e+00
4.5000000e+02	2.0845113e+06	1.5100393e+00
4.5100000e+02	2.0865628e+06	1.5111137e+00
4.5200000e+02	2.0886044e+06	1.5121854e+00
4.5300000e+02	2.0906361e+06	1.5132544e+00
4.5400000e+02	2.0926580e+06	1.5143208e+00
4.5500000e+02	2.0946701e+06	1.5153845e+00
4.5600000e+02	2.0966725e+06	1.5164456e+00
4.5700000e+02	2.0986650e+06	1.5175041e+00
4.5800000e+02	2.1006479e+06	1.5185599e+00
4.5900000e+02	2.1026211e+06	1.5196131e+00
4.6000000e+02	2.1045846e+06	1.5206637e+00
4.6100000e+02	2.1065385e+06	1.5217117e+00
4.6200000e+02	2.1084828e+06	1.5227572e+00
4.6300000e+02	2.1104175e+06	1.5238001e+00
4.6400000e+02	2.1123427e+06	1.5248404e+00
4.6500000e+02	2.1142583e+06	1.5258782e+00
4.6600000e+02	2.1161645e+06	1.5269135e+00
4.6700000e+02	2.1180613e+06	1.5279463e+00
4.6800000e+02	2.1199486e+06	1.5289765e+00
4.6900000e+02	2.1218265e+06	1.5300042e+00
4.7000000e+02	2.1236951e+06	1.5310295e+00
4.7100000e+02	2.1255544e+06	1.5320523e+00
4.7200000e+02	2.1274043e+06	1.5330726e+00
4.7300000e+02	2.1292450e+06	1.5340904e+00
4.7400000e+02	2.1310765e+06	1.5351058e+00
4.7500000e+02	2.1328987e+06	1.5361188e+00
4.7600000e+02	2.1347118e+06	1.5371293e+00
4.7700000e+02	2.1365158e+06	1.5381374e+00
4.7800000e+02	2.1383106e+06	1.5391431e+00
4.7900000e+02	2.1400964e+06	1.5401464e+00
4.8000000e+02	2.1418731e+06	1.5411473e+00
4.8100000e+02	2.1436408e+06	1.5421458e+00
4.8200000e+02	2.1453995e+06	1.5431419e+00
4.8300000e+02	2.1471493e+06	1.5441357e+00
4.8400000e+02	2.1488902e+06	1.5451271e+00
4.8500000e+02	2.1506221e+06	1.5461162e+00
4.8600000e+02	2.1523453e+06	1.5471029e+00
4.8700000e+02	2.1540596e+06	1.5480872e+00
4.8800000e+02	2.1557651e+06	1.5490693e+00
4.8900000e+02	2.1574618e+06	1.5500490e+00
4.9000000e+02	2.1591499e+06	1.5510265e+00
4.9100000e+02	2.1608292e+06	1.5520016e+00
4.9200000e+02	2.1624999e+06	1.5529744e+00
4.9300000e+02	2.1641620e+06	1.5539450e+00
4.9400000e+02	2.1658155e+06	1.5549132e+00
4.9500000e+02	2.1674604e+06	1.5558792e+00
4.9600000e+02	2.1690968e+06	1.5568429e+00
4.9700000e+02	2.1707247e+06	1.5578044e+00
4.9800000e+02	2.1723441e+06	1.5587636e+00
4.9900000e+02	2.1739552e+06	1.5597206e+00
5.0000000e+02	2.1755578e+06	1.5606754e+00
5.0100000e+02	2.1771521e+06	1.5616279e+00
5.0200000e+02	2.1787380e+06	1.5625782e+00
5.0300000e+02	2.1803157e+06	1.5635263e+00
5.0400000e+02	2.1818851e+06	1.5644722e+00
5.0500000e+02	2.1834463e+06	1.5654159e+00
5.0600000e+02	2.1849993e+06	1.5663574e+00
5.0700000e+02	2.1865442e+06	1.5672967e+00
5.0800000e+02	2.1880809e+06	1.5682338e+00
5.0900000e+02	2.1896096e+06	1.5691688e+00
5.1000000e+02	2.1911302e+06	1.5701016e+00
5.1100000e+02	2.1926427e+06	1.5710322e+00
5.1200000e+02	2.1941473e+06	1.5719607e+00
5.1300000e+02	2.1956440e+06	1.5728870e+00
5.1400000e+02	2.1971327e+06	1.5738113e+00
5.1500000e+02	2.1986136e+06	1.5747333e+00
5.1600000e+02	2.2000866e+06	1.5756533e+00
5.1700000e+02	2.2015518e+06	1.5765711e+00
5.1800000e+02	2.2030093e+06	1.5774868e+00
5.1900000e+02	2.2044590e+06	1.5784004e+00
5.2000000e+02	2.2059010e+06	1.5793120e+00
5.2100000e+02	2.2073353e+06	1.5802214e+00
5.2200000e+02	2.2087620e+06	1.5811287e+00
5.2300000e+02	2.2101811e+06	1.5820340e+00
5.2400000e+02	2.2115927e+06	1.5829372e+00
5.2500000e+02	2.2129967e+06	1.5838383e+00
5.2600000e+02	2.2143932e+06	1.5847374e+00
5.2700000e+02	2.2157823e+06	1.5856344e+00
5.2800000e+02	2.2171640e+06	1.5865293e+00
5.2900000e+02	2.2185382e+06	1.5874223e+00
5.3000000e+02	2.2199051e+06	1.5883132e+00
5.3100000e+02	2.2212648e+06	1.5892020e+00
5.3200000e+02	2.2226171e+06	1.5900889e+00
5.3300000e+02	2.2239622e+06	1.5909737e+00
5.3400000e+02	2.2253001e+06	1.5918565e+00
5.3500000e+02	2.2266308e+06	1.5927373e+00
5.3600000e+02	2.2279544e+06	1.5936161e+00
5.3700000e+02	2.2292709e+06	1.5944930e+00
5.3800000e+02	2.2305803e+06	1.5953678e+00
5.3900000e+02	2.2318827e+06	1.5962407e+00
5.4000000e+02	2.2331781e+06	1.5971116e+00
5.4100000e+02	2.2344666e+06	1.5979805e+00
5.4200000e+02	2.2357481e+06	1.5988475e+00
5.4300000e+02	2.2370228e+06	1.5997126e+00
5.4400000e+02	2.2382906e+06	1.6005757e+00
5.4500000e+02	2.2395516e+06	1.6014368e+00
5.4600000e+02	2.2408059e+06	1.6022960e+00
5.4700000e+02	2.2420534e+06	1.6031534e+00
5.4800000e+02	2.2432942e+06	1.6040088e+00
5.4900000e+02	2.2445284e+06	1.6048622e+00
5.5000000e+02	2.2457559e+06	1.6057138e+00
5.5100000e+02	2.2469768e+06	1.6065635e+00
5.5200000e+02	2.2481912e+06	1.6074113e+00
5.5300000e+02	2.2493991e+06	1.6082573e+00
5.5400000e+02	2.2506005e+06	1.6091013e+00
5.5500000e+02	2.2517955e+06	1.6099435e+00
5.5600000e+02	2.2529840e+06	1.6107839e+00
5.5700000e+02	2.2541662e+06	1.6116223e+00
5.5800000e+02	2.2553421e+06	1.6124590e+00
5.5900000e+02	2.2565116e+06	1.6132938e+00
5.6000000e+02	2.2576749e+06	1.6141268e+00
5.6100000e+02	2.2588320e+06	1.6149579e+00
5.6200000e+02	2.2599829e+06	1.6157873e+00
5.6300000e+02	2.2611277e+06	1.6166148e+00
5.6400000e+02	2.2622663e+06	1.6174406e+00
5.6500000e+02	2.2633989e+06	1.6182646e+00
5.6600000e+02	2.2645254e+06	1.6190868e+00
5.6700000e+02	2.2656460e+06	1.6199072e+00
5.6800000e+02	2.2667606e+06	1.6207258e+00
5.6900000e+02	2.2678692e+06	1.6215427e+00
5.7000000e+02	2.2689720e+06	1.6223579e+00
5.7100000e+02	2.2700689e+06	1.6231713e+00
5.7200000e+02	2.2711600e+06	1.6239830e+00
5.7300000e+02	2.2722453e+06	1.6247930e+00
5.7400000e+02	2.2733249e+06	1.6256012e+00
5.7500000e+02	2.2743988e+06	1.6264078e+00
5.7600000e+02	2.2754670e+06	1.6272127e+00
5.7700000e+02	2.2765296e+06	1.6280159e+00
5.7800000e+02	2.2775866e+06	1.6288174e+00
5.7900000e+02	2.2786380e+06	1.6296172e+00
5.8000000e+02	2.2796839e+06	1.6304154e+00
5.8100000e+02	2.2807244e+06	1.6312120e+00
5.8200000e+02	2.2817593e+06	1.6320069e+00
5.8300000e+02	2.2827889e+06	1.6328002e+00
5.8400000e+02	2.2838131e+06	1.6335919e+00
5.8500000e+02	2.2848320e+06	1.6343820e+00
5.8600000e+02	2.2858456e+06	1.6351705e+00
5.8700000e+02	2.2868539e+06	1.6359574e+00
5.8800000e+02	2.2878570e+06	1.6367427e+00
5.8900000e+02	2.2888549e+06	1.6375265e+00
5.9000000e+02	2.2898477e+06	1.6383087e+00
5.9100000e+02	2.2908354e+06	1.6390894e+00
5.9200000e+02	2.2918179e+06	1.6398685e+00
5.9300000e+02	2.2927955e+06	1.6406462e+00
5.9400000e+02	2.2937680e+06	1.6414223e+00
5.9500000e+02	2.2947356e+06	1.6421969e+00
5.9600000e+02	2.2956982e+06	1.6429701e+00
5.9700000e+02	2.2966560e+06	1.6437418e+00
5.9800000e+02	2.2976088e+06	1.6445120e+00
5.9900000e+02	2.2985569e+06	1.6452808e+00
6.0000000e+02	2.2995002e+06	1.6460482e+00
6.0100000e+02	2.3004387e+06	1.6468141e+00
6.0200000e+02	2.3013726e+06	1.6475787e+00
6.0300000e+02	2.3023017e+06	1.6483418e+00
6.0400000e+02	2.3032263e+06	1.6491036e+00
6.0500000e+02	2.3041462e+06	1.6498640e+00
6.0600000e+02	2.3050615e+06	1.6506230e+00
6.0700000e+02	2.3059724e+06	1.6513808e+00
6.0800000e+02	2.3068787e+06	1.6521371e+00
6.0900000e+02	2.3077806e+06	1.6528922e+00
6.1000000e+02	2.3086780e+06	1.6536460e+00
6.1100000e+02	2.3095711e+06	1.6543985e+00
6.1200000e+02	2.3104599e+06	1.6551497e+00
6.1300000e+02	2.3113443e+06	1.6558997e+00
6.1400000e+02	2.3122244e+06	1.6566485e+00
6.1500000e+02	2.3131003e+06	1.6573960e+00
6.1600000e+02	2.3139720e+06	1.6581423e+00
6.1700000e+02	2.3148396e+06	1.6588874e+00
6.1800000e+02	2.3157029e+06	1.6596314e+00
6.1900000e+02	2.3165623e+06	1.6603742e+00
6.2000000e+02	2.3174175e+06	1.6611158e+00
6.2100000e+02	2.3182687e+06	1.6618564e+00
6.2200000e+02	2.3191159e+06	1.6625958e+00
6.2300000e+02	2.3199592e+06	1.6633341e+00
6.2400000e+02	2.3207985e+06	1.6640714e+00
6.2500000e+02	2.3216340e+06	1.6648076e+00
6.2600000e+02	2.3224656e+06	1.6655428e+00
6.2700000e+02	2.3232934e+06	1.6662769e+00
6.2800000e+02	2.3241174e+06	1.6670101e+00
6.2900000e+02	2.3249377e+06	1.6677422e+00
6.3000000e+02	2.3257543e+06	1.6684734e+00
6.3100000e+02	2.3265672e+06	1.6692037e+00
6.3200000e+02	2.3273764e+06	1.6699330e+00
6.3300000e+02	2.3281821e+06	1.6706614e+00
6.3400000e+02	2.3289842e+06	1.6713890e+00
6.3500000e+02	2.3297827e+06	1.6721156e+00
6.3600000e+02	2.3305777e+06	1.6728414e+00
6.3700000e+02	2.3313693e+06	1.6735664e+00
6.3800000e+02	2.3321574e+06	1.6742906e+00
6.3900000e+02	2.3329422e+06	1.6750140e+00
6.4000000e+02	2.3337236e+06	1.6757366e+00
6.4100000e+02	2.3345016e+06	1.6764585e+00
6.4200000e+02	2.3352763e+06	1.6771797e+00
6.4300000e+02	2.3360478e+06	1.6779002e+00
6.4400000e+02	2.3368161e+06	1.6786199e+00
6.4500000e+02	2.3375811e+06	1.6793391e+00
6.4600000e+02	2.3383430e+06	1.6800576e+00
6.4700000e+02	2.3391018e+06	1.6807755e+00
6.4800000e+02	2.3398574e+06	1.6814928e+00
6.4900000e+02	2.3406100e+06	1.6822095e+00
6.5000000e+02	2.3413596e+06	1.6829258e+00
6.5100000e+02	2.3421062e+06	1.6836415e+00
6.5200000e+02	2.3428498e+06	1.6843567e+00
6.5300000e+02	2.3435904e+06	1.6850714e+00
6.5400000e+02	2.3443282e+06	1.6857857e+00
6.5500000e+02	2.3450631e+06	1.6864996e+00
6.5600000e+02	2.3457952e+06	1.6872131e+00
6.5700000e+02	2.3465245e+06	1.6879262e+00
6.5800000e+02	2.3472510e+06	1.6886390e+00
6.5900000e+02	2.3479747e+06	1.6893515e+00
6.6000000e+02	2.3486958e+06	1.6900637e+00
6.6100000e+02	2.3494142e+06	1.6907757e+00
6.6200000e+02	2.3501299e+06	1.6914874e+00
6.6300000e+02	2.3508431e+06	1.6921989e+00
6.6400000e+02	2.3515536e+06	1.6929103e+00
6.6500000e+02	2.3522616e+06	1.6936215e+00
6.6600000e+02	2.3529671e+06	1.6943326e+00
6.6700000e+02	2.3536701e+06	1.6950436e+00
6.6800000e+02	2.3543707e+06	1.6957545e+00
6.6900000e+02	2.3550688e+06	1.6964655e+00
6.7000000e+02	2.3557645e+06	1.6971764e+00
6.7100000e+02	2.3564579e+06	1.6978873e+00
6.7200000e+02	2.3571489e+06	1.6985984e+00
6.7300000e+02	2.3578377e+06	1.6993095e+00
6.7400000e+02	2.3585241e+06	1.7000207e+00
6.7500000e+02	2.3592084e+06	1.7007321e+00
6.7600000e+02	2.3598904e+06	1.7014437e+00
6.7700000e+02	2.3605702e+06	1.7021555e+00
6.7800000e+02	2.3612479e+06	1.7028676e+00
6.7900000e+02	2.3619234e+06	1.7035799e+00
6.8000000e+02	2.3625969e+06	1.7042926e+00
6.8100000e+02	2.3632683e+06	1.7050056e+00
6.8200000e+02	2.3639377e+06	1.7057190e+00
6.8300000e+02	2.3646050e+06	1.7064329e+00
6.8400000e+02	2.3652704e+06	1.7071472e+00
6.8500000e+02	2.3659338e+06	1.7078620e+00
6.8600000e+02	2.3665953e+06	1.7085773e+00
6.8700000e+02	2.3672550e+06	1.7092932e+00
6.8800000e+02	2.3679127e+06	1.7100097e+00
6.8900000e+02	2.3685686e+06	1.7107268e+00
6.9000000e+02	2.3692227e+06	1.7114446e+00
6.9100000e+02	2.3698751e+06	1.7121632e+00
6.9200000e+02	2.3705256e+06	1.7128824e+00
6.9300000e+02	2.3711745e+06	1.7136025e+00
6.9400000e+02	2.3718217e+06	1.7143234e+00
6.9500000e+02	2.3724671e+06	1.7150451e+00
6.9600000e+02	2.3731110e+06	1.7157678e+00
6.9700000e+02	2.3737532e+06	1.7164914e+00
6.9800000e+02	2.3743938e+06	1.7172160e+00
6.9900000e+02	2.3750329e+06	1.7179416e+00
7.0000000e+02	2.3756704e+06	1.7186683e+00
7.0100000e+02	2.3763064e+06	1.7193961e+00
7.0200000e+02	2.3769410e+06	1.7201251e+00
7.0300000e+02	2.3775740e+06	1.7208552e+00
7.0400000e+02	2.3782057e+06	1.7215866e+00
7.0500000e+02	2.3788359e+06	1.7223192e+00
7.0600000e+02	2.3794648e+06	1.7230532e+00
7.0700000e+02	2.3800922e+06	1.7237885e+00
7.0800000e+02	2.3807184e+06	1.7245253e+00
7.0900000e+02	2.3813432e+06	1.7252635e+00
7.1000000e+02	2.3819668e+06	1.7260032e+00
7.1100000e+02	2.3825891e+06	1.7267445e+00
7.1200000e+02	2.3832101e+06	1.7274873e+00
7.1300000e+02	2.3838300e+06	1.7282318e+00
7.1400000e+02	2.3844487e+06	1.7289779e+00
7.1500000e+02	2.3850661e+06	1.7297258e+00
7.1600000e+02	2.3856825e+06	1.7304755e+00
7.1700000e+02	2.3862977e+06	1.7312270e+00
7.1800000e+02	2.3869119e+06	1.7319804e+00
7.1900000e+02	2.3875250e+06	1.7327357e+00
7.2000000e+02	2.3881370e+06	1.7334930e+00
7.2100000e+02	2.3887480e+06	1.7342523e+00
7.2200000e+02	2.3893580e+06	1.7350137e+00
7.2300000e+02	2.3899670e+06	1.7357771e+00
7.2400000e+02	2.3905750e+06	1.7365428e+00
7.2500000e+02	2.3911821e+06	1.7373107e+00
7.2600000e+02	2.3917883e+06	1.7380809e+00
7.2700000e+02	2.3923936e+06	1.7388534e+00
7.2800000e+02	2.3929980e+06	1.7396283e+00
7.2900000e+02	2.3936016e+06	1.7404057e+00
7.3000000e+02	2.3942044e+06	1.7411855e+00
7.3100000e+02	2.3948063e+06	1.7419679e+00
7.3200000e+02	2.3954074e+06	1.7427529e+00
7.3300000e+02	2.3960078e+06	1.7435405e+00
7.3400000e+02	2.3966074e+06	1.7443309e+00
7.3500000e+02	2.3972063e+06	1.7451240e+00
7.3600000e+02	2.3978045e+06	1.7459199e+00
7.3700000e+02	2.3984020e+06	1.7467188e+00
7.3800000e+02	2.3989988e+06	1.7475205e+00
7.3900000e+02	2.3995949e+06	1.7483253e+00
7.4000000e+02	2.4001905e+06	1.7491332e+00
7.4100000e+02	2.4007854e+06	1.7499441e+00
7.4200000e+02	2.4013797e+06	1.7507582e+00
7.4300000e+02	2.4019734e+06	1.7515756e+00
7.4400000e+02	2.4025666e+06	1.7523963e+00
7.4500000e+02	2.4031592e+06	1.7532203e+00
7.4600000e+02	2.4037513e+06	1.7540478e+00
7.4700000e+02	2.4043429e+06	1.7548787e+00
7.4800000e+02	2.4049341e+06	1.7557132e+00
7.4900000e+02	2.4055247e+06	1.7565513e+00
7.5000000e+02	2.4061149e+06	1.7573930e+00
7.5100000e+02	2.4067046e+06	1.7582385e+00
7.5200000e+02	2.4072939e+06	1.7590878e+00
7.5300000e+02	2.4078828e+06	1.7599410e+00
7.5400000e+02	2.4084714e+06	1.7607981e+00
7.5500000e+02	2.4090595e+06	1.7616592e+00
7.5600000e+02	2.4096473e+06	1.7625244e+00
7.5700000e+02	2.4102347e+06	1.7633937e+00
7.5800000e+02	2.4108218e+06	1.7642672e+00
7.5900000e+02	2.4114086e+06	1.7651450e+00
7.6000000e+02	2.4119951e+06	1.7660272e+00
7.6100000e+02	2.4125813e+06	1.7669137e+00
7.6200000e+02	2.4131673e+06	1.7678047e+00
7.6300000e+02	2.4137529e+06	1.7687003e+00
7.6400000e+02	2.4143384e+06	1.7696005e+00
7.6500000e+02	2.4149236e+06	1.7705054e+00
7.6600000e+02	2.4155086e+06	1.7714150e+00
7.6700000e+02	2.4160934e+06	1.7723295e+00
7.6800000e+02	2.4166780e+06	1.7732489e+00
7.6900000e+02	2.4172624e+06	1.7741733e+00
7.7000000e+02	2.4178467e+06	1.7751028e+00
7.7100000e+02	2.4184308e+06	1.7760374e+00
7.7200000e+02	2.4190147e+06	1.7769772e+00
7.7300000e+02	2.4195986e+06	1.7779223e+00
7.7400000e+02	2.4201823e+06	1.7788727e+00
7.7500000e+02	2.4207659e+06	1.7798286e+00
7.7600000e+02	2.4213495e+06	1.7807901e+00
7.7700000e+02	2.4219329e+06	1.7817571e+00
7.7800000e+02	2.4225163e+06	1.7827298e+00
7.7900000e+02	2.4230996e+06	1.7837082e+00
7.8000000e+02	2.4236828e+06	1.7846925e+00
7.8100000e+02	2.4242661e+06	1.7856827e+00
7.8200000e+02	2.4248493e+06	1.7866790e+00
7.8300000e+02	2.4254324e+06	1.7876813e+00
7.8400000e+02	2.4260156e+06	1.7886897e+00
7.8500000e+02	2.4265987e+06	1.7897044e+00
7.8600000e+02	2.4271819e+06	1.7907255e+00
7.8700000e+02	2.4277651e+06	1.7917529e+00
7.8800000e+02	2.4283483e+06	1.7927869e+00
7.8900000e+02	2.4289315e+06	1.7938274e+00
7.9000000e+02	2.4295148e+06	1.7948747e+00
7.9100000e+02	2.4300981e+06	1.7959286e+00
7.9200000e+02	2.4306815e+06	1.7969895e+00
7.9300000e+02	2.4312650e+06	1.7980572e+00
7.9400000e+02	2.4318485e+06	1.7991320e+00
7.9500000e+02	2.4324321e+06	1.8002139e+00
7.9600000e+02	2.4330158e+06	1.8013030e+00
7.9700000e+02	2.4335996e+06	1.8023994e+00
7.9800000e+02	2.4341834e+06	1.8035032e+00
7.9900000e+02	2.4347674e+06	1.8046145e+00
8.0000000e+02	2.4353515e+06	1.8057333e+00
